Predicted Valence,True Valence,Predicted Arousal,True Arousal,Predicted Emotion,True Emotion,Emotion Labels,Score Emotions
3.9757934,0.0,3.6832798,0.0,2,A,1,[-8.5950232e+00 -7.0540668e-03 -4.9864202e+00 -1.1164870e+01]
2.1401196,0.0,3.2437744,0.0,1,A,1,[-2.4458754e-04 -8.4142408e+00 -1.0730634e+01 -1.3763363e+01]
3.5084524,0.0,4.484608,0.0,1,A,1,[-0.41051325 -1.0967473  -5.9572577  -8.820297  ]
2.272492,0.0,4.4519415,0.0,1,A,1,[-9.2916226e-04 -7.0051336e+00 -1.0919718e+01 -1.2578087e+01]
4.6555696,0.0,3.768842,0.0,2,H,2,[-1.30524740e+01 -2.40799873e-05 -1.27575865e+01 -1.08701391e+01]
3.0030847,0.0,4.5266294,0.0,2,H,2,[-1.5776477  -0.24461454 -4.665172   -6.798072  ]
4.310238,0.0,3.7193522,0.0,2,H,2,[-1.0929876e+01 -2.4795225e-05 -1.2431068e+01 -1.2739356e+01]
3.6931174,0.0,3.9703727,0.0,2,H,2,[-3.984227   -0.01916908 -8.540398   -8.598737  ]
4.0881786,0.0,4.2615185,0.0,2,H,2,[-6.8141456e+00 -1.1414925e-03 -1.0461981e+01 -1.1168272e+01]
3.965255,0.0,4.311627,0.0,2,H,2,[ -4.333485    -0.01335908  -9.024199   -10.481373  ]
2.8304896,0.0,4.2809634,0.0,1,H,2,[-0.06676557 -2.7583299  -7.6645     -7.2379727 ]
3.3853273,0.0,2.6139388,0.0,0,N,0,[-1.0088844e+01 -1.1236097e+01 -5.5549986e-05 -1.3985254e+01]
3.560162,0.0,2.7281983,0.0,0,N,0,[-8.0628357e+00 -6.6941924e+00 -1.5548295e-03 -1.4663580e+01]
3.6660602,0.0,3.2462084,0.0,2,N,0,[-8.0315428e+00 -3.2991689e-04 -1.3082876e+01 -1.2817923e+01]
4.0840516,0.0,3.0048435,0.0,2,N,0,[-6.5412445 -0.0712538 -2.7133262 -6.891943 ]
3.9982362,0.0,3.6664588,0.0,2,S,3,[-1.0691047e+01 -3.7275136e-03 -6.0222135e+00 -6.6659842e+00]
3.4952426,0.0,3.2000983,0.0,0,S,3,[-7.3477755e+00 -6.8455815e+00 -1.7106199e-03 -1.3815178e+01]
4.710756,0.0,3.6843448,0.0,2,S,3,[-7.7513514e+00 -5.5965019e-04 -9.0065279e+00 -1.1894444e+01]
4.0155168,0.0,3.2462566,0.0,2,S,3,[-8.9744902e+00 -1.9369634e-04 -1.0791004e+01 -9.9764233e+00]
3.795027,0.0,2.9592764,0.0,2,S,3,[-3.209143  -0.1809404 -2.0868642 -6.8607516]
3.8090265,0.0,2.9349988,0.0,2,S,3,[-2.7722335  -0.20455953 -2.1152296  -6.2839646 ]
3.2855856,0.0,3.2901795,0.0,0,S,3,[ -3.9458199   -4.995625    -0.02645638 -11.932276  ]
2.115241,0.0,4.1458197,0.0,1,A,1,[-5.5549986e-05 -1.0591515e+01 -1.3204956e+01 -1.0461394e+01]
3.5952106,0.0,3.3538773,0.0,0,H,2,[-1.9779319  -2.7998939  -0.22226866 -8.962118  ]
3.9055438,0.0,3.0926666,0.0,2,H,2,[-7.0850463e+00 -3.2711113e-03 -6.1890430e+00 -7.8848972e+00]
2.738306,0.0,3.4917612,0.0,0,H,2,[ -1.56812     -5.4502673   -0.23920292 -11.244476  ]
4.344541,0.0,3.0835779,0.0,2,H,2,[-9.8368101e+00 -1.5782064e-04 -9.1833258e+00 -1.3327825e+01]
3.5390258,0.0,3.8864348,0.0,2,S,3,[-7.1702385e+00 -1.1776901e-03 -8.1358967e+00 -9.0708332e+00]
2.9245784,0.0,3.6446373,0.0,0,S,3,[-2.0701513  -4.9149747  -0.14384897 -7.6440206 ]
3.3314524,0.0,3.5076454,0.0,2,S,3,[-7.6357226e+00 -9.3916646e-04 -7.8104959e+00 -9.8959532e+00]
4.312985,0.0,3.6058788,0.0,2,S,3,[-9.72006798e+00 -1.05494655e-04 -1.02717428e+01 -1.14340639e+01]
3.4057522,0.0,2.8078098,0.0,0,S,3,[-4.5943799e+00 -7.4117928e+00 -1.0778306e-02 -1.1748235e+01]
3.2226834,0.0,3.1460302,0.0,0,S,3,[-5.2449317  -4.9842873  -0.01242516 -8.379528  ]
2.8352675,0.0,4.441561,0.0,1,A,1,[ -0.0261604  -3.6591825 -10.81444    -9.954736 ]
3.217625,0.0,4.953846,0.0,1,A,1,[ -0.0456771  -3.1097255 -12.293583  -10.355049 ]
1.9460812,0.0,4.7040052,0.0,1,A,1,[-6.5205357e-05 -1.0060156e+01 -1.0847546e+01 -1.2730139e+01]
2.5562801,0.0,5.0232716,0.0,2,A,1,[-0.8944174 -0.5263463 -9.369258  -8.080603 ]
3.2679062,0.0,4.5038195,0.0,1,A,1,[-0.1826315 -1.7945821 -7.521658  -8.585332 ]
4.034635,0.0,4.187964,0.0,2,H,2,[-1.1522730e+01 -1.3589766e-05 -1.2944534e+01 -1.3520279e+01]
3.3330994,0.0,3.1503127,0.0,2,H,2,[-7.7732868e+00 -4.4193037e-04 -1.0852159e+01 -1.3293813e+01]
3.065289,0.0,3.1185591,0.0,0,H,2,[-1.1167167e+01 -8.9585009e+00 -1.4327931e-04 -1.4455233e+01]
4.1254787,0.0,3.12324,0.0,2,H,2,[-1.2847815e+01 -3.3735661e-05 -1.0552860e+01 -1.2205851e+01]
3.7001598,0.0,3.69825,0.0,2,H,2,[-8.256499  -0.4061755 -3.2572846 -1.2205952]
3.054704,0.0,3.724154,0.0,0,S,3,[-3.220564   -3.8806946  -0.06273104 -8.356591  ]
2.8527513,0.0,3.369396,0.0,1,S,3,[-0.6775653 -1.2927585 -1.5300491 -6.8029275]
3.522982,0.0,3.1133156,0.0,0,S,3,[-1.1738519e+01 -8.8972950e+00 -1.5126515e-04 -1.1926366e+01]
3.3586235,0.0,3.3484817,0.0,0,S,3,[-7.6830997e+00 -7.1372218e+00 -1.2878228e-03 -1.0365254e+01]
3.1228938,0.0,3.1431832,0.0,2,S,3,[ -2.0503287   -0.23368464  -2.52969    -11.297394  ]
3.6618876,0.0,3.138998,0.0,0,S,3,[-1.1703897e+01 -6.7224813e+00 -1.2131720e-03 -1.4264967e+01]
3.467592,0.0,3.047819,0.0,0,S,3,[ -6.438924    -4.713569    -0.01065683 -10.43496   ]
3.3230925,0.0,2.764425,0.0,2,S,3,[-1.4891189  -0.26039827 -5.6261888  -9.410928  ]
3.5158339,0.0,3.1980217,0.0,1,S,3,[-0.7574184 -2.0574746 -0.9086002 -8.253381 ]
2.0398781,0.0,3.4895518,0.0,1,A,1,[-5.8412379e-06 -1.2496592e+01 -1.3769049e+01 -1.3768924e+01]
2.1474078,0.0,3.7841396,0.0,1,A,1,[-8.9406567e-06 -1.2628135e+01 -1.2428433e+01 -1.3371789e+01]
1.9149482,0.0,4.3977556,0.0,1,A,1,[-7.2941399e-04 -7.2647376e+00 -1.1140916e+01 -1.1126868e+01]
2.2700448,0.0,3.9902027,0.0,1,A,1,[-1.3827322e-04 -8.9489241e+00 -1.2232775e+01 -1.2583716e+01]
2.9819248,0.0,3.7574494,0.0,2,A,1,[-1.5764594  -0.23654819 -5.5481167  -9.870194  ]
3.4332027,0.0,3.3591094,0.0,1,A,1,[ -0.30556887  -1.4398391   -3.637766   -10.875864  ]
3.6853206,0.0,3.4912677,0.0,0,N,0,[-8.7362280e+00 -5.9197702e+00 -2.8530154e-03 -1.2899354e+01]
3.6371381,0.0,3.297709,0.0,0,N,0,[-8.7848101e+00 -6.9191504e+00 -1.1512564e-03 -1.1622470e+01]
3.6171489,0.0,3.736198,0.0,0,N,0,[-1.1586925e+01 -7.3275380e+00 -6.6806405e-04 -1.3512069e+01]
3.4097416,0.0,3.4699771,0.0,0,N,0,[-1.0167873e+01 -8.1596165e+00 -3.2526924e-04 -1.4024586e+01]
3.5397751,0.0,3.0937188,0.0,0,N,0,[-9.6067095e+00 -7.3662710e+00 -7.0261105e-04 -1.2785377e+01]
3.4818435,0.0,3.3550649,0.0,0,N,0,[-6.8696227e+00 -7.4003043e+00 -1.6549238e-03 -1.2558780e+01]
3.6134193,0.0,3.5371876,0.0,0,N,0,[-6.1416163e+00 -5.0737820e+00 -8.4560206e-03 -1.1499360e+01]
3.5435407,0.0,3.6367712,0.0,0,N,0,[ -7.8424783  -2.9804857  -0.0525297 -11.253434 ]
3.4438558,0.0,3.5626523,0.0,0,N,0,[-9.0203180e+00 -6.3975787e+00 -1.7974902e-03 -1.1580130e+01]
3.35366,0.0,3.2971392,0.0,0,N,0,[-8.2333727e+00 -6.0880671e+00 -2.5423607e-03 -1.2512066e+01]
3.4090059,0.0,3.4428453,0.0,0,N,0,[-6.6681542e+00 -5.9120431e+00 -3.9926823e-03 -1.1820653e+01]
3.3600473,0.0,3.2538478,0.0,0,N,0,[-9.6039762e+00 -6.6414628e+00 -1.3754441e-03 -1.3200380e+01]
3.7941206,0.0,3.4405901,0.0,0,N,0,[-1.0385521e+01 -5.8939514e+00 -2.7929842e-03 -1.3042536e+01]
3.5802631,0.0,2.618437,0.0,0,S,3,[-8.7103615e+00 -8.6667566e+00 -3.4147629e-04 -1.2366669e+01]
2.7372262,0.0,4.6129007,0.0,2,A,1,[-1.6261079 -0.2213903 -6.3133225 -9.309895 ]
3.8498917,0.0,3.6628249,0.0,2,H,2,[-1.4130152e+01 -1.1682442e-05 -1.1597453e+01 -1.3255720e+01]
3.0289993,0.0,3.6806517,0.0,1,H,2,[-0.5874725 -1.148346  -2.0655313 -7.9349685]
3.132566,0.0,3.5798998,0.0,2,H,2,[-7.2621779e+00 -7.9993194e-04 -1.0052059e+01 -9.8107300e+00]
4.0387125,0.0,3.3491998,0.0,2,H,2,[-1.1501007e+01 -1.3470559e-05 -1.3192046e+01 -1.3491859e+01]
3.5047004,0.0,2.9740531,0.0,0,H,2,[-6.897655  -1.5917335 -0.2293851 -7.8364034]
3.1384652,0.0,3.1385827,0.0,0,H,2,[-1.3509490e+01 -1.1908219e+01 -8.8214483e-06 -1.4115403e+01]
3.5607243,0.0,3.8458445,0.0,2,H,2,[-8.574758e+00 -4.504771e-03 -5.457480e+00 -1.009026e+01]
4.098161,0.0,4.234441,0.0,2,H,2,[-1.32866955e+01 -1.54970876e-05 -1.17564859e+01 -1.20288563e+01]
3.639327,0.0,3.565951,0.0,2,H,2,[-1.20373745e+01 -1.64507474e-05 -1.20825090e+01 -1.22228441e+01]
3.5853858,0.0,3.5029938,0.0,2,H,2,[-4.8743567  -0.08901297 -2.5581155  -9.487435  ]
3.858026,0.0,3.7982972,0.0,0,H,2,[-7.5473385  -1.4809606  -0.26351595 -5.5972514 ]
3.3454237,0.0,2.7260325,0.0,0,N,0,[-5.8979411e+00 -5.2019858e+00 -8.3238585e-03 -1.0161819e+01]
3.4125097,0.0,3.808735,0.0,2,S,3,[-4.045337   -0.36784962 -1.39558    -3.1562393 ]
3.1635625,0.0,3.6861784,0.0,2,S,3,[-5.5508537e+00 -5.4667499e-03 -7.6671271e+00 -6.8126626e+00]
3.4293551,0.0,4.135716,0.0,2,S,3,[-9.742865   -0.02287873 -3.79587    -9.241876  ]
2.9846613,0.0,4.363967,0.0,2,S,3,[-2.6786592  -0.09407345 -3.8645253  -8.764911  ]
2.2519388,0.0,4.700701,0.0,1,A,1,[-0.02829934 -3.5843673  -9.439411   -9.58184   ]
3.6812491,0.0,3.402766,0.0,0,A,1,[ -8.902848    -3.4942925   -0.03102166 -10.1474905 ]
2.0583034,0.0,3.7284522,0.0,1,A,1,[-0.06327356 -2.9553864  -8.11436    -4.7154746 ]
4.4580727,0.0,3.6660106,0.0,2,A,1,[-1.1228430e+01 -3.0517112e-05 -1.2411205e+01 -1.1236540e+01]
2.386813,0.0,4.447442,0.0,1,A,1,[-3.5476862e-03 -5.6624389e+00 -9.8071022e+00 -1.1315480e+01]
1.5667858,0.0,4.567632,0.0,1,A,1,[-7.6767836e-05 -9.7783155e+00 -1.1641564e+01 -1.1384640e+01]
1.3528836,0.0,4.54648,0.0,1,A,1,[-2.2778301e-04 -8.4973211e+00 -1.4490973e+01 -1.0669063e+01]
1.8975947,0.0,3.9911954,0.0,1,A,1,[-8.6780594e-05 -9.3882875e+00 -1.2978239e+01 -1.4059032e+01]
1.493719,0.0,4.3974943,0.0,1,A,1,[-3.1828375e-05 -1.1219319e+01 -1.3790879e+01 -1.0968098e+01]
2.0299172,0.0,4.0604544,0.0,1,A,1,[-8.3030551e-04 -7.1089363e+00 -1.3386758e+01 -1.1453601e+01]
2.4031377,0.0,3.8459945,0.0,1,A,1,[ -0.13460596  -2.0724947  -10.26833    -10.300312  ]
2.9781363,0.0,3.933274,0.0,1,A,1,[-0.23774326 -2.0915158  -3.0542555  -3.1957126 ]
3.8132253,0.0,3.9970615,0.0,2,H,2,[-6.3844986  -0.07282946 -2.9328518  -4.179367  ]
3.3090549,0.0,4.6500235,0.0,2,H,2,[-0.73477775 -0.65400296 -7.959969   -9.451081  ]
3.584907,0.0,3.5818126,0.0,0,H,2,[-6.6088042e+00 -4.7601175e+00 -9.9774674e-03 -1.1116403e+01]
3.6958609,0.0,4.5291176,0.0,2,H,2,[-4.00722    -0.03718942 -4.0114427  -8.443749  ]
3.145192,0.0,4.523867,0.0,2,H,2,[ -3.291991    -0.03805645  -8.990561   -10.204165  ]
3.1158266,0.0,4.3339634,0.0,2,H,2,[-3.9269016  -0.02312117 -5.778465   -9.759237  ]
2.658148,0.0,4.194017,0.0,1,H,2,[-0.24227846 -1.5414985  -7.464806   -7.5436654 ]
3.4732232,0.0,3.8580112,0.0,2,H,2,[-7.3701735  -0.02081035 -3.9907014  -6.516533  ]
3.689853,0.0,3.4129014,0.0,2,H,2,[-1.1129386e+01 -1.9631843e-04 -8.6854801e+00 -1.1275114e+01]
4.004229,0.0,3.4317653,0.0,2,H,2,[ -4.9791584   -0.01433068  -4.9157867  -10.887     ]
3.1092124,0.0,3.759732,0.0,2,H,2,[-0.91805583 -0.5216828  -5.0176764  -7.479325  ]
4.250496,0.0,3.8563373,0.0,2,H,2,[-1.13456745e+01 -1.35437283e-03 -6.68694878e+00 -9.26553059e+00]
3.9431608,0.0,3.211364,0.0,0,H,2,[ -8.991134    -3.654318    -0.02635386 -12.031087  ]
3.7627678,0.0,3.0171402,0.0,0,N,0,[-8.2033167e+00 -7.1710868e+00 -1.0911232e-03 -9.9375305e+00]
4.132973,0.0,3.2629526,0.0,0,N,0,[-9.6456213e+00 -5.0772085e+00 -6.3283057e-03 -1.1975124e+01]
4.715621,0.0,4.0360856,0.0,2,S,3,[-1.29829035e+01 -2.13123494e-04 -8.49300957e+00 -1.20269995e+01]
3.7901945,0.0,3.128486,0.0,0,S,3,[-8.1390533e+00 -8.2420568e+00 -5.6656043e-04 -1.1395601e+01]
2.8772018,0.0,3.2018938,0.0,2,S,3,[ -3.8741271   -0.02881442  -4.8790894  -10.526563  ]
3.4076202,0.0,3.832749,0.0,0,S,3,[ -6.059797    -1.0947247   -0.41097304 -10.464024  ]
3.7210882,0.0,3.3779674,0.0,2,S,3,[ -6.93592    -0.3665732  -1.1844944 -10.746279 ]
4.253945,0.0,3.2802045,0.0,2,S,3,[-1.2146116e+01 -1.0033579e-03 -6.9122925e+00 -1.3123056e+01]
3.1743193,0.0,3.6298199,0.0,2,S,3,[-4.6298256  -0.04102004 -3.4988537  -8.509164  ]
3.269283,0.0,4.3367066,0.0,2,S,3,[-6.7899442e+00 -1.3296106e-03 -1.0489300e+01 -8.6461849e+00]
3.3874466,0.0,3.867378,0.0,2,S,3,[-8.3227329e+00 -3.2491173e-04 -1.1210565e+01 -9.5917015e+00]
3.6549008,0.0,4.4092226,0.0,2,S,3,[-8.9828920e+00 -2.4816295e-04 -1.0354365e+01 -9.3072319e+00]
4.602856,0.0,4.652287,0.0,2,S,3,[-1.1373055e+01 -2.9682673e-05 -1.2298357e+01 -1.1195990e+01]
5.048638,0.0,4.1186657,0.0,2,S,3,[-1.1261912e+01 -1.0740180e-04 -1.2244250e+01 -9.3177958e+00]
3.2518308,0.0,3.7268429,0.0,2,S,3,[-7.3358550e+00 -1.0492064e-03 -8.3565130e+00 -8.7273083e+00]
3.9571807,0.0,3.3906572,0.0,2,S,3,[-7.0899000e+00 -8.5484196e-04 -1.1452019e+01 -1.1473200e+01]
3.93255,0.0,4.7833123,0.0,2,S,3,[-1.0107235e+01 -4.5706314e-04 -7.9474325e+00 -9.6784391e+00]
3.5551076,0.0,3.4991395,0.0,0,S,3,[-9.7568932e+00 -6.0030446e+00 -2.6164367e-03 -9.3848829e+00]
3.6255875,0.0,3.9976516,0.0,2,S,3,[ -4.3276944   -0.01593533  -5.9612384  -10.278609  ]
3.6108835,0.0,4.0248632,0.0,2,S,3,[-1.0612914e+01 -6.9735004e-05 -1.1092202e+01 -1.0416116e+01]
3.60503,0.0,3.3390691,0.0,2,S,3,[ -5.90919     -0.5051497   -0.93180406 -10.48889   ]
2.260501,0.0,3.3235078,0.0,1,S,3,[-4.5172316e-03 -7.6658759e+00 -5.5170093e+00 -1.0786096e+01]
3.3289838,0.0,4.5566425,0.0,2,S,3,[-8.722565e+00 -3.414763e-04 -9.258853e+00 -9.392391e+00]
2.5337975,0.0,4.1251383,0.0,2,S,3,[-0.9823855  -0.47688925 -7.5030274  -5.4443917 ]
3.028608,0.0,3.3901494,0.0,2,S,3,[-3.2760665  -0.05145673 -4.405998   -8.652405  ]
3.50551,0.0,4.0489693,0.0,2,S,3,[-6.438239   -0.01714328 -4.191576   -8.196842  ]
3.2849119,0.0,3.6391535,0.0,2,S,3,[-4.5485253  -0.01435501 -5.6561193  -8.659298  ]
2.6169004,0.0,3.5276825,0.0,1,S,3,[-0.11409336 -2.3680503  -4.3421645  -6.7646246 ]
3.7359788,0.0,3.1607554,0.0,0,S,3,[ -5.5744257   -2.1187308   -0.13238245 -11.018688  ]
2.2577753,0.0,4.2682633,0.0,1,A,1,[-0.01799624 -4.0606246  -7.9969106  -8.252822  ]
3.1129909,0.0,3.9405663,0.0,0,A,1,[ -2.077495    -4.5651617   -0.14580917 -10.571136  ]
2.6180336,0.0,4.04126,0.0,1,A,1,[-0.00865683 -4.998037   -6.6477704  -7.467327  ]
1.5564829,0.0,4.343382,0.0,1,A,1,[-8.3459349e-04 -7.1392283e+00 -1.2061336e+01 -1.0259345e+01]
3.558592,0.0,3.3478417,0.0,0,H,2,[-9.4127054e+00 -5.2357903e+00 -5.7015885e-03 -8.1769438e+00]
3.4113765,0.0,3.156471,0.0,0,H,2,[-7.10233927e+00 -9.12517071e+00 -9.52624367e-04 -1.08151045e+01]
3.9308047,0.0,3.6630352,0.0,2,H,2,[-9.0108204e+00 -2.5710138e-04 -9.1936216e+00 -1.0306252e+01]
2.150162,0.0,3.8422954,0.0,1,H,2,[-1.5376817e-04 -8.8405008e+00 -1.1867221e+01 -1.3127021e+01]
3.3849113,0.0,3.394103,0.0,2,N,0,[-6.617143  -0.4180524 -1.0783548 -8.620668 ]
2.871779,0.0,3.582477,0.0,0,N,0,[-2.4606016  -3.1838632  -0.13609663 -7.745274  ]
4.3373656,0.0,4.5778165,0.0,2,S,3,[-1.4364550e+01 -2.0742202e-05 -1.1473623e+01 -1.1534532e+01]
2.9199054,0.0,3.7034478,0.0,0,S,3,[ -5.9992766   -4.0329404   -0.02043317 -10.676441  ]
3.8058243,0.0,2.8011684,0.0,2,S,3,[-9.4978743e+00 -1.2969130e-04 -1.0134429e+01 -1.1104461e+01]
3.9784093,0.0,4.2343287,0.0,2,S,3,[-1.37869053e+01 -7.98699057e-06 -1.23830233e+01 -1.28095045e+01]
2.928198,0.0,3.8556058,0.0,2,S,3,[-6.6514053e+00 -1.9451523e-03 -1.0797464e+01 -7.3688493e+00]
2.3901305,0.0,4.359168,0.0,1,S,3,[-0.272464  -1.6361294 -3.1634135 -6.511924 ]
2.589501,0.0,3.2447355,0.0,0,S,3,[-2.1659     -3.4468553  -0.15874082 -8.144859  ]
3.6803005,0.0,3.169292,0.0,0,S,3,[-1.7288244  -1.5043492  -0.51086944 -7.8980684 ]
3.538594,0.0,3.4475734,0.0,0,S,3,[-6.7690411e+00 -4.9522228e+00 -8.2533956e-03 -1.2713408e+01]
3.7352564,0.0,3.9663982,0.0,2,A,1,[-5.1211247e+00 -6.0542761e-03 -9.9762268e+00 -1.0807232e+01]
4.1121073,0.0,3.959821,0.0,2,A,1,[-2.8965564 -0.0575754 -7.2791905 -9.975445 ]
2.195302,0.0,4.428579,0.0,1,A,1,[-2.9774048e-04 -8.3499870e+00 -1.0792449e+01 -1.0108305e+01]
2.8183606,0.0,4.841536,0.0,1,A,1,[-0.19156367 -1.7500594  -7.6116376  -9.50283   ]
3.0563297,0.0,4.420169,0.0,1,A,1,[ -0.06049772  -2.8367522   -9.433379   -11.693508  ]
3.249574,0.0,3.3394866,0.0,0,A,1,[ -3.2141688   -4.5257177   -0.05240063 -10.237577  ]
2.171828,0.0,3.9117184,0.0,1,A,1,[-1.7165990e-05 -1.1064511e+01 -1.4020188e+01 -1.4135578e+01]
2.8318377,0.0,3.5659952,0.0,1,A,1,[-3.01911554e-04 -8.19536400e+00 -1.05645685e+01 -1.59020548e+01]
2.5376933,0.0,4.2581725,0.0,1,A,1,[-9.0356560e-05 -9.3213243e+00 -1.4243992e+01 -1.5222795e+01]
1.4027518,0.0,4.255319,0.0,1,A,1,[-6.5564896e-06 -1.2025282e+01 -1.6246252e+01 -1.4620591e+01]
2.2869627,0.0,3.70876,0.0,1,A,1,[-2.0265374e-05 -1.0845273e+01 -1.4873017e+01 -1.4885341e+01]
1.7742553,0.0,4.0642943,0.0,1,A,1,[-1.53778801e-05 -1.11286488e+01 -1.54434185e+01 -1.45724297e+01]
1.7172931,0.0,4.1284213,0.0,1,A,1,[-4.2915253e-06 -1.3818297e+01 -1.2988535e+01 -1.3738350e+01]
1.7586033,0.0,4.1037426,0.0,1,A,1,[-1.19209221e-06 -1.49792852e+01 -1.41771345e+01 -1.57451057e+01]
2.8481476,0.0,4.146286,0.0,1,A,1,[-0.02266526 -3.808742   -9.895164   -8.601808  ]
2.093259,0.0,3.7045512,0.0,1,A,1,[-0.06008155 -8.922784   -2.8452005  -9.782902  ]
2.5623336,0.0,4.3389544,0.0,1,A,1,[-6.5177009e-03 -6.3313751e+00 -5.3584251e+00 -1.1652917e+01]
2.3730674,0.0,3.4127781,0.0,1,H,2,[-3.0998772e-03 -6.8494377e+00 -6.2838340e+00 -8.6872969e+00]
3.298718,0.0,3.7719128,0.0,2,N,0,[ -5.859788    -0.685321    -0.70689213 -10.004614  ]
3.1299822,0.0,4.0467567,0.0,2,N,0,[-2.4294114 -0.1541301 -2.9151049 -7.5008564]
3.2054572,0.0,3.5006185,0.0,1,N,0,[-0.38808993 -1.6288615  -2.080154   -7.4438686 ]
3.3938582,0.0,3.078662,0.0,0,S,3,[-9.4055510e+00 -7.3182063e+00 -7.4692484e-04 -1.3724841e+01]
2.6581745,0.0,4.2392716,0.0,2,S,3,[-1.7432418  -0.19598027 -6.577717   -6.420324  ]
3.75491,0.0,2.8178089,0.0,0,S,3,[-1.29283228e+01 -1.18758011e+01 -9.53669769e-06 -1.55815935e+01]
4.3275213,0.0,4.117979,0.0,2,S,3,[-1.2240132e+01 -9.2982809e-06 -1.2904357e+01 -1.3171228e+01]
2.3719244,0.0,3.7582867,0.0,1,A,1,[-1.7221633e-03 -6.4050198e+00 -9.7173948e+00 -1.1839592e+01]
3.3224638,0.0,4.0433764,0.0,2,A,1,[-6.5255351e+00 -9.3243355e-03 -4.8522210e+00 -1.2316287e+01]
2.8874884,0.0,2.884937,0.0,0,N,0,[-1.9719243  -5.254116   -0.15605193 -9.558943  ]
1.7723314,0.0,3.5098834,0.0,1,N,0,[-2.2530301e-05 -1.0899765e+01 -1.4148554e+01 -1.2623246e+01]
3.049413,0.0,4.713594,0.0,1,A,1,[ -0.06843192  -2.7163877  -10.721416   -11.760039  ]
1.8892267,0.0,4.4432344,0.0,1,A,1,[-6.0796551e-06 -1.2474186e+01 -1.3117782e+01 -1.5076813e+01]
2.4630094,0.0,3.3184118,0.0,1,A,1,[-3.6387916e-03 -5.6435437e+00 -9.7375383e+00 -1.0322622e+01]
1.809129,0.0,4.52614,0.0,1,A,1,[-4.9470633e-05 -1.0470736e+01 -1.2011355e+01 -1.1102539e+01]
1.6329267,0.0,4.4774513,0.0,1,A,1,[-1.28380168e-04 -9.00737762e+00 -1.38782835e+01 -1.22363901e+01]
3.7717593,0.0,4.532004,0.0,2,A,1,[-1.0290296  -0.44910812 -5.4672103  -8.393098  ]
3.416772,0.0,3.1812685,0.0,0,N,0,[ -4.2831974   -1.4566157   -0.28347704 -10.950699  ]
4.4983068,0.0,3.7175868,0.0,2,H,2,[-1.1350901e+01 -1.9073304e-05 -1.2444171e+01 -1.2617174e+01]
3.2439651,0.0,3.5882144,0.0,2,H,2,[-9.8164034e+00 -1.2587709e-04 -1.0307486e+01 -1.0179462e+01]
3.4639232,0.0,2.6700668,0.0,0,N,0,[-1.1239040e+01 -1.0629244e+01 -3.7788632e-05 -1.4438417e+01]
4.225468,0.0,3.8872378,0.0,2,H,2,[ -7.210037    -0.01636019  -4.1696606  -10.400651  ]
3.363008,0.0,3.3739104,0.0,2,S,3,[-1.0781937e+01 -4.6337835e-04 -7.7308035e+00 -1.2578905e+01]
1.8761423,0.0,3.97655,0.0,1,S,3,[-0.14376172 -2.0502186  -9.528869   -5.2733393 ]
3.5469878,0.0,2.799218,0.0,0,S,3,[-1.1556189e+01 -8.8260136e+00 -1.5698631e-04 -1.4547608e+01]
2.9520712,0.0,3.5247822,0.0,2,S,3,[-2.7966816  -0.73079056 -0.7835379  -7.3044834 ]
3.0090542,0.0,3.9005814,0.0,2,S,3,[-2.5191557 -0.2653425 -1.8858571 -7.093795 ]
3.8263178,0.0,3.655867,0.0,2,S,3,[-3.5933962  -0.16495971 -2.0856876  -7.9700613 ]
3.0046575,0.0,3.9532425,0.0,2,S,3,[-2.7641757  -0.71984214 -0.86282897 -3.5692766 ]
3.4874272,0.0,3.5161207,0.0,2,S,3,[-1.1665301  -0.48908833 -2.5860255  -9.897991  ]
3.5426507,0.0,2.8257465,0.0,0,S,3,[-3.4318373  -1.906709   -0.19964604 -9.392557  ]
3.3086815,0.0,3.7060587,0.0,0,N,0,[-2.873476   -1.90377    -0.23037253 -8.277126  ]
3.4405072,0.0,3.4572792,0.0,0,N,0,[-6.1903415e+00 -7.9947400e+00 -2.3941919e-03 -1.2217247e+01]
3.0055535,0.0,3.0240169,0.0,1,N,0,[-0.42796195 -2.439662   -1.3444122  -8.178613  ]
3.0177526,0.0,3.5440238,0.0,2,S,3,[-1.7103595  -0.20706312 -5.118833   -8.302852  ]
2.7786896,0.0,3.6182842,0.0,1,S,3,[-0.5221744 -1.1005752 -2.608832  -7.661553 ]
3.0903335,0.0,3.4102368,0.0,1,S,3,[-0.2795137 -1.9951354 -2.2291794 -8.349072 ]
2.8748405,0.0,3.2111273,0.0,0,H,2,[-9.4045467e+00 -8.4412651e+00 -3.2228997e-04 -1.0632605e+01]
3.7976577,0.0,3.776884,0.0,2,H,2,[-7.9440913e+00 -1.0678532e-02 -4.5802960e+00 -1.1104710e+01]
3.228408,0.0,3.8602147,0.0,2,H,2,[-6.4711685e+00 -4.6488303e-03 -5.7844477e+00 -1.1062130e+01]
3.2395556,0.0,3.940375,0.0,0,H,2,[-4.0270734  -1.2377763  -0.36803487 -9.861129  ]
3.3665252,0.0,4.1472497,0.0,2,H,2,[-7.3670945  -0.01899002 -4.0134273  -9.135872  ]
4.113751,0.0,2.8963225,0.0,0,N,0,[ -9.959105    -2.9261346   -0.05517024 -10.604521  ]
3.3586965,0.0,3.8629317,0.0,0,N,0,[ -3.5986907   -3.7246895   -0.05289667 -10.082084  ]
2.8876426,0.0,3.7086353,0.0,0,N,0,[-3.2389657  -3.9454205  -0.06042153 -9.374696  ]
3.1262262,0.0,3.5325105,0.0,0,N,0,[-3.2332234  -3.7158775  -0.06599027 -9.254278  ]
3.122939,0.0,2.9524698,0.0,0,N,0,[-6.9931602e+00 -6.2878919e+00 -2.7841874e-03 -1.2586670e+01]
3.2548943,0.0,2.9594972,0.0,0,S,3,[ -1.825854    -3.4489307   -0.21428427 -10.748847  ]
2.0362322,0.0,4.4713683,0.0,1,A,1,[-9.6977403e-04 -7.3051934e+00 -9.8344507e+00 -8.3199263e+00]
2.8228695,0.0,3.5060916,0.0,1,A,1,[ -0.04719053  -3.2242773   -5.0706224  -10.373591  ]
2.5346766,0.0,3.901258,0.0,1,A,1,[ -0.07087762  -2.6964924   -6.9632506  -10.220292  ]
2.8122144,0.0,4.2649174,0.0,1,A,1,[-1.00907665e-02 -4.87824440e+00 -6.02263927e+00 -1.19688168e+01]
2.5714316,0.0,4.326658,0.0,1,A,1,[-0.36095285 -4.0100045  -1.2561505  -9.14502   ]
2.3240976,0.0,3.8029156,0.0,1,A,1,[-0.6435242 -0.7473009 -9.100651  -7.1212654]
4.020184,0.0,3.701098,0.0,2,H,2,[-9.2980261e+00 -7.8277936e-04 -7.3171735e+00 -1.0528424e+01]
4.137227,0.0,2.9507148,0.0,2,H,2,[-6.8469520e+00 -2.4494904e-03 -6.5871682e+00 -1.2030745e+01]
3.5962481,0.0,2.9887362,0.0,1,H,2,[ -0.04698718  -3.1268878  -10.814878    -6.201606  ]
3.6676981,0.0,3.132024,0.0,2,H,2,[ -7.7422853   -0.03228922  -3.4629796  -12.686007  ]
3.6147444,0.0,3.1410444,0.0,0,H,2,[-8.1724930e+00 -5.8259454e+00 -3.2411683e-03 -1.2539681e+01]
3.7077007,0.0,2.8618157,0.0,0,H,2,[-4.7275224  -1.387493   -0.29937637 -8.675298  ]
3.4371257,0.0,3.2279024,0.0,2,H,2,[-6.0539570e+00 -4.7858688e-03 -6.0275230e+00 -1.1150392e+01]
4.08934,0.0,3.2087579,0.0,0,H,2,[ -8.622553    -1.8583448   -0.16975068 -11.1588545 ]
4.611371,0.0,3.9236956,0.0,2,H,2,[-1.0513486e+01 -3.2185992e-05 -1.3548365e+01 -1.2517312e+01]
3.5161984,0.0,2.8294988,0.0,0,H,2,[-6.0945907e+00 -6.9898129e+00 -3.1827055e-03 -1.3459913e+01]
4.3593926,0.0,3.9119434,0.0,2,H,2,[-1.2343995e+01 -3.0040290e-05 -1.1647366e+01 -1.0986432e+01]
3.6315572,0.0,3.4810236,0.0,2,H,2,[-9.4480371e+00 -3.1917365e-03 -5.7748113e+00 -1.2712734e+01]
3.7722147,0.0,3.1926239,0.0,2,H,2,[-1.2934971e+01 -1.5377880e-05 -1.1287287e+01 -1.4529711e+01]
3.390356,0.0,3.2486122,0.0,0,N,0,[-2.8019674 -1.2116967 -0.443929  -9.145125 ]
3.4144068,0.0,2.7040057,0.0,0,N,0,[-8.8357420e+00 -8.0151443e+00 -4.7886826e-04 -1.2755445e+01]
2.6858027,0.0,3.4484475,0.0,1,N,0,[ -0.0644685  -2.8238473  -5.796221  -10.913124 ]
3.556823,0.0,3.335683,0.0,0,N,0,[-8.5998411e+00 -4.9479585e+00 -7.3095979e-03 -1.3912833e+01]
3.1624045,0.0,2.4676816,0.0,0,N,0,[-1.09109259e+01 -1.18522129e+01 -2.57488755e-05 -1.49928255e+01]
3.5102322,0.0,2.9710891,0.0,0,N,0,[-6.4438896e+00 -6.9725251e+00 -2.5337993e-03 -1.2682511e+01]
3.1838372,0.0,3.09802,0.0,2,S,3,[-5.762413   -0.04890796 -3.1229074  -7.489884  ]
3.0674374,0.0,3.244232,0.0,0,S,3,[-4.758219   -5.209751   -0.01443374 -8.1592245 ]
3.3744395,0.0,3.1399577,0.0,0,S,3,[-3.7563503  -5.2545156  -0.02924994 -8.36207   ]
3.6764395,0.0,2.9457572,0.0,0,S,3,[-4.422933  -1.3344237 -0.323408  -6.8952184]
2.8610673,0.0,3.0184014,0.0,1,S,3,[-0.279128  -1.509324  -3.8260326 -7.262135 ]
3.5221238,0.0,3.133193,0.0,2,S,3,[ -5.9490843   -0.04290181  -3.234913   -10.690786  ]
3.752775,0.0,2.684264,0.0,0,S,3,[-4.712878   -5.4721136  -0.01331756 -9.945263  ]
3.2681382,0.0,2.5298457,0.0,2,S,3,[-2.2803626 -0.656644  -0.982689  -5.326545 ]
3.0155897,0.0,3.447373,0.0,2,S,3,[-6.7164502e+00 -1.2588918e-03 -1.0468587e+01 -1.0879833e+01]
2.8277664,0.0,3.5208,0.0,2,S,3,[-1.280555   -0.33789396 -4.7771287  -7.7613    ]
2.8616679,0.0,3.3401208,0.0,1,S,3,[-0.69279456 -2.239787   -0.9392811  -6.018317  ]
3.0796876,0.0,3.4745722,0.0,2,S,3,[-3.7243347  -0.02522767 -7.3140154  -9.055305  ]
2.9854386,0.0,3.561145,0.0,2,S,3,[-4.2432747  -0.01503093 -7.7656126  -8.917705  ]
3.2980144,0.0,3.4512987,0.0,2,S,3,[-4.899059   -0.01092488 -6.0639806  -6.8246613 ]
3.2685153,0.0,3.14687,0.0,0,S,3,[-5.2368894  -2.6719062  -0.07744166 -9.409851  ]
3.390802,0.0,3.4171534,0.0,0,S,3,[-6.9821205e+00 -6.3088508e+00 -2.7551807e-03 -1.2713807e+01]
3.5655692,0.0,2.9852464,0.0,0,S,3,[-1.0120727e+01 -8.2039986e+00 -3.1728478e-04 -1.2580450e+01]
3.2421196,0.0,2.7577589,0.0,0,S,3,[-9.6106300e+00 -1.1177842e+01 -8.2847022e-05 -1.3175697e+01]
3.3649578,0.0,3.3079686,0.0,0,S,3,[-1.1165113 -4.0823708 -0.4237147 -6.810687 ]
2.6074407,0.0,2.9867628,0.0,1,A,1,[-0.10103878 -7.772213   -2.347601   -9.403777  ]
2.7943497,0.0,4.140554,0.0,1,A,1,[-0.10517816 -3.3528938  -2.7467577  -7.239844  ]
1.768525,0.0,4.1898184,0.0,1,A,1,[-3.1232346e-05 -1.0890388e+01 -1.1756117e+01 -1.2257220e+01]
3.334128,0.0,3.2520628,0.0,2,H,2,[ -4.3666987   -0.02044181  -4.8883305  -11.836188  ]
3.2260513,0.0,2.6194117,0.0,2,H,2,[-9.4597025e+00 -8.6022299e-03 -4.7718811e+00 -1.0676844e+01]
3.654753,0.0,3.4661148,0.0,2,H,2,[ -8.202231    -0.02775756  -3.6092176  -10.458565  ]
3.6690009,0.0,3.3307526,0.0,2,H,2,[-4.9543514 -0.6323572 -0.7731419 -9.925799 ]
2.8538096,0.0,3.4319832,0.0,0,N,0,[-1.2782505  -4.6174912  -0.35986978 -4.280834  ]
3.25845,0.0,3.1853385,0.0,0,N,0,[-8.9569130e+00 -9.0499935e+00 -2.5769728e-04 -1.1378065e+01]
3.877317,0.0,3.6160293,0.0,2,S,3,[-8.8783808e+00 -3.2934493e-03 -5.7627501e+00 -1.1989030e+01]
2.815564,0.0,4.2753105,0.0,2,S,3,[-3.438012  -0.0358295 -8.968374  -5.82956  ]
4.451825,0.0,4.199428,0.0,2,S,3,[-1.3307059e+01 -3.5523739e-05 -1.0392855e+01 -1.2652776e+01]
3.3012056,0.0,4.516261,0.0,2,S,3,[-1.1477615e+01 -4.0987672e-04 -8.5291166e+00 -8.5084562e+00]
3.0903394,0.0,3.274054,0.0,0,S,3,[-4.616376   -1.5715476  -0.24579965 -8.082091  ]
3.3128767,0.0,3.9504337,0.0,1,A,1,[-0.03698714 -3.327735   -8.06088    -9.015469  ]
3.025137,0.0,3.7339666,0.0,0,A,1,[ -1.2240436  -3.3780138  -0.3977742 -10.338002 ]
4.1847486,0.0,4.4274917,0.0,2,A,1,[-1.0179972e+01 -8.5946202e-05 -1.0276591e+01 -1.1203048e+01]
2.1964953,0.0,4.221317,0.0,1,A,1,[-3.0563807e-03 -5.8173199e+00 -1.1407428e+01 -9.6417751e+00]
3.126761,0.0,4.3047314,0.0,2,A,1,[-6.1949482e+00 -2.0692383e-03 -1.0732931e+01 -1.2103716e+01]
3.286734,0.0,3.5947077,0.0,1,A,1,[-0.28665152 -1.4131643  -5.1589265  -9.145163  ]
3.9034586,0.0,4.239358,0.0,2,A,1,[ -3.1165297  -0.0700276  -3.759165  -10.923778 ]
2.5961602,0.0,4.1356125,0.0,1,A,1,[ -0.04850079  -3.0529752   -9.050187   -11.759398  ]
4.1387305,0.0,4.2614236,0.0,2,H,2,[-1.0291035e+01 -5.5669188e-05 -1.0881405e+01 -1.2765453e+01]
3.9745288,0.0,3.3288639,0.0,2,H,2,[ -9.396807   -0.4432433  -1.0273402 -11.701778 ]
3.9773679,0.0,3.8608606,0.0,2,H,2,[-1.0176288e+01 -6.5086155e-05 -1.0556885e+01 -1.3777395e+01]
3.5320835,0.0,2.7675278,0.0,1,H,2,[ -0.45196104  -1.0125575   -8.026163   -12.104094  ]
3.8461182,0.0,4.0994267,0.0,2,H,2,[-8.8002367e+00 -2.8904076e-04 -8.8939734e+00 -1.3792052e+01]
3.4925058,0.0,3.5776637,0.0,0,H,2,[ -6.467908    -2.5444474   -0.08347053 -11.253176  ]
3.6774502,0.0,3.3801966,0.0,0,H,2,[ -8.7541065   -2.4008753   -0.09519023 -12.517471  ]
3.7325466,0.0,2.8807456,0.0,0,N,0,[-3.3113294  -1.1829102  -0.41994354 -9.678342  ]
2.6254737,0.0,3.4885387,0.0,1,N,0,[-3.6209750e-03 -5.7259388e+00 -7.9487548e+00 -1.3897625e+01]
2.7978535,0.0,3.5298357,0.0,2,N,0,[ -3.4006102   -0.03798415  -5.5481687  -10.623443  ]
3.3686616,0.0,3.2194085,0.0,0,N,0,[ -4.7766433   -2.377583    -0.10671641 -10.787111  ]
3.0457315,0.0,2.9359424,0.0,0,S,3,[ -0.9730787  -4.3645434  -0.4954076 -10.144223 ]
2.1657584,0.0,4.3704534,0.0,1,A,1,[-6.6279573e-03 -5.0340395e+00 -9.3155098e+00 -1.2536882e+01]
2.4182026,0.0,4.3815722,0.0,1,A,1,[-0.14951117 -1.9848293  -7.3161554  -7.127797  ]
2.1129746,0.0,4.247573,0.0,1,A,1,[-1.9715272e-04 -8.9106979e+00 -9.7894602e+00 -1.1997232e+01]
2.4422896,0.0,4.5449567,0.0,1,A,1,[-1.8642442e-03 -6.3355923e+00 -1.0108135e+01 -9.9084768e+00]
2.9099646,0.0,4.519765,0.0,1,A,1,[-0.44560847 -1.0234417  -8.878607   -9.564598  ]
3.0892682,0.0,3.58028,0.0,1,A,1,[-5.4028444e-03 -5.7789340e+00 -6.1076045e+00 -9.5603037e+00]
2.3913615,0.0,3.7728207,0.0,1,A,1,[ -0.01856405  -4.0030413   -8.953302   -12.558525  ]
2.7567644,0.0,3.9107614,0.0,1,A,1,[ -0.01940049  -5.047909    -4.3597703  -11.573298  ]
2.3688662,0.0,4.095343,0.0,1,A,1,[-0.02149302 -4.021147   -6.1515455  -6.7245173 ]
2.7843635,0.0,3.8990545,0.0,0,A,1,[ -3.8777676   -6.5617833   -0.02239742 -10.173383  ]
2.8849208,0.0,4.2414184,0.0,0,A,1,[-2.2068784  -4.9593925  -0.12819259 -5.7274814 ]
1.8338544,0.0,4.895712,0.0,1,A,1,[-3.3086578e-03 -5.7314477e+00 -1.0695591e+01 -1.0173915e+01]
2.987708,0.0,3.4041493,0.0,1,A,1,[-0.15707605 -6.833845   -1.9364842  -9.509679  ]
2.7894485,0.0,4.1769123,0.0,0,A,1,[-1.9980428  -2.6376657  -0.23344465 -6.8400455 ]
4.0836744,0.0,2.9210706,0.0,2,H,2,[-1.0007631e+01 -4.8755410e-05 -1.3502925e+01 -1.2944027e+01]
3.977402,0.0,4.8104806,0.0,2,H,2,[-8.1218185e+00 -1.0238411e-03 -7.4440503e+00 -8.8644981e+00]
3.4023318,0.0,3.5497057,0.0,0,H,2,[-1.11492310e+01 -9.22502613e+00 -1.13480804e-04 -1.44017572e+01]
4.122779,0.0,3.5098438,0.0,1,H,2,[ -0.08599923  -2.6542246   -4.4218287  -10.140388  ]
4.030249,0.0,2.6881988,0.0,2,H,2,[-7.8794675e+00 -8.4749330e-03 -4.8242645e+00 -1.0477892e+01]
4.2396007,0.0,3.3317957,0.0,2,H,2,[-1.15375376e+01 -1.02753125e-04 -9.32805061e+00 -1.24143772e+01]
3.3838987,0.0,3.202521,0.0,0,H,2,[-9.8442020e+00 -8.8976259e+00 -1.9178935e-04 -1.3124844e+01]
4.094983,0.0,3.824158,0.0,0,H,2,[-9.496227  -2.9979317 -0.051995  -7.262901 ]
3.7620788,0.0,3.2075899,0.0,0,H,2,[-1.13759136e+01 -6.28980064e+00 -1.87102647e-03 -1.27891245e+01]
3.7279336,0.0,3.432273,0.0,0,H,2,[-2.3043702  -3.5264125  -0.13850394 -9.131241  ]
3.6465595,0.0,4.369689,0.0,2,H,2,[-1.2730241 -0.403835  -2.9573698 -8.089502 ]
3.6911683,0.0,3.8762758,0.0,2,H,2,[ -6.7678657   -0.07424815  -2.6540613  -10.038074  ]
4.0661764,0.0,4.2203336,0.0,2,H,2,[-8.6098814e+00 -3.7018599e-03 -5.6541367e+00 -1.1543346e+01]
3.8584516,0.0,3.411904,0.0,2,H,2,[-10.526361    -0.11669228  -2.2062995  -11.896262  ]
3.0891614,0.0,3.6513498,0.0,0,H,2,[-5.8873687e+00 -6.4773116e+00 -4.3314928e-03 -1.1516872e+01]
4.481219,0.0,4.416564,0.0,2,H,2,[-1.2826103e+01 -9.4170908e-05 -9.4082241e+00 -1.1576714e+01]
3.9600809,0.0,3.6101787,0.0,0,H,2,[ -8.156867    -2.4333985   -0.09217551 -10.414588  ]
4.0104375,0.0,2.9133143,0.0,0,H,2,[ -8.77767     -3.304125    -0.03758583 -12.801916  ]
4.950573,0.0,3.8653128,0.0,2,H,2,[-1.1991203e+01 -2.0622994e-05 -1.1611498e+01 -1.2144474e+01]
3.8153083,0.0,3.2109437,0.0,0,H,2,[-8.5384865  -3.0521207  -0.05091909 -6.123828  ]
3.0400162,0.0,2.7640455,0.0,2,H,2,[-4.287683   -0.02612707 -5.2906895  -4.9598866 ]
4.148114,0.0,4.9547877,0.0,2,H,2,[-7.1505709e+00 -8.3923875e-04 -1.0194988e+01 -1.0982102e+01]
4.7582684,0.0,4.1447363,0.0,2,H,2,[-1.3516484e+01 -3.7669426e-05 -1.0552522e+01 -1.1489186e+01]
3.2031732,0.0,3.8018675,0.0,1,H,2,[-0.06845463 -3.1142728  -3.8682575  -7.060142  ]
3.9427695,0.0,2.8375568,0.0,2,H,2,[-6.270189  -0.6149545 -0.7826421 -8.309252 ]
4.0889306,0.0,3.2784877,0.0,2,H,2,[-1.32705011e+01 -1.21109304e-04 -9.06020069e+00 -1.26290007e+01]
3.0869963,0.0,3.7827282,0.0,0,N,0,[-2.0718591  -1.2192011  -0.54742795 -8.826197  ]
3.5752125,0.0,3.2125375,0.0,0,N,0,[ -6.624525   -2.9703326  -0.0540878 -10.194505 ]
4.0380387,0.0,3.2886763,0.0,2,N,0,[ -6.9240036   -0.09600657  -2.4022357  -10.062257  ]
2.7002404,0.0,2.9964163,0.0,1,S,3,[-0.46093607 -2.9443502  -1.1702801  -5.052914  ]
4.389776,0.0,3.7317173,0.0,2,S,3,[-1.3055263e+01 -5.9364465e-05 -9.8648815e+00 -1.2150904e+01]
4.6021686,0.0,3.7097483,0.0,2,S,3,[-1.0526225e+01 -3.1013446e-04 -8.1886702e+00 -1.2123020e+01]
3.9002159,0.0,4.198257,0.0,2,S,3,[-1.0894637e+01 -4.6409326e-04 -7.8403273e+00 -9.8666725e+00]
3.538752,0.0,3.2020786,0.0,0,S,3,[-7.9350357e+00 -6.1182051e+00 -2.5657848e-03 -1.3039597e+01]
5.2609177,0.0,5.0004706,0.0,2,S,3,[-1.1121820e+01 -6.6516572e-05 -1.0658727e+01 -1.0474105e+01]
5.529107,0.0,4.671215,0.0,2,S,3,[-1.1194094e+01 -5.8172442e-05 -1.0859412e+01 -1.0586316e+01]
3.0936182,0.0,3.2035232,0.0,0,S,3,[-8.5847645e+00 -8.5467911e+00 -3.8866594e-04 -1.1791828e+01]
3.4154046,0.0,2.9454222,0.0,0,S,3,[-1.0290713e+01 -1.0724493e+01 -5.9722071e-05 -1.2471387e+01]
2.0113025,0.0,4.254795,0.0,1,A,1,[-8.0105434e-05 -9.7373743e+00 -1.1804552e+01 -1.1202453e+01]
2.6530113,0.0,3.878422,0.0,1,A,1,[-7.4859103e-03 -6.1259909e+00 -5.2843323e+00 -8.5062780e+00]
3.148954,0.0,4.124753,0.0,1,N,0,[-1.3319796e-02 -4.3403182e+00 -8.5288296e+00 -1.3489017e+01]
2.391172,0.0,4.200658,0.0,1,N,0,[-9.5309941e-03 -5.1372833e+00 -5.6339664e+00 -1.0182203e+01]
3.0285125,0.0,3.8636606,0.0,2,N,0,[-1.1632341  -0.41263986 -3.725542   -6.485512  ]
2.659542,0.0,3.5781732,0.0,1,N,0,[-4.7839165e-04 -7.6622024e+00 -1.1830574e+01 -1.4083488e+01]
1.803844,0.0,4.612095,0.0,1,S,3,[-0.1637532 -1.8965915 -8.6806    -7.131681 ]
4.481319,0.0,4.257698,0.0,2,S,3,[-9.0964174e+00 -2.7259448e-04 -1.2650190e+01 -8.7575369e+00]
2.3439772,0.0,3.9715621,0.0,1,H,2,[-0.01131239 -4.550137   -8.36001    -7.708829  ]
3.6076293,0.0,3.9802089,0.0,2,H,2,[-4.41646    -0.20169564 -1.7706344  -7.944893  ]
4.3769917,0.0,3.2391222,0.0,2,S,3,[-6.946472  -0.1947861 -1.7383626 -8.425781 ]
3.476228,0.0,3.0281224,0.0,0,S,3,[-1.6766214  -4.8458314  -0.21713695 -8.064615  ]
3.4950452,0.0,3.343105,0.0,0,H,2,[ -6.1344967   -3.030068    -0.05182716 -10.487981  ]
3.4655218,0.0,3.008561,0.0,0,N,0,[-6.363697   -2.4758682  -0.08983906 -9.126719  ]
3.0398383,0.0,4.1509447,0.0,0,A,1,[-2.5866141 -1.312169  -0.4242966 -6.6764355]
3.103415,0.0,4.101478,0.0,2,H,2,[-6.4483776  -0.13348272 -2.0996087  -7.047002  ]
2.607066,0.0,4.07374,0.0,1,H,2,[-0.24882163 -1.8686012  -4.1330476  -2.9975805 ]
3.6648858,0.0,4.227819,0.0,2,H,2,[-1.0457898e+01 -3.6733557e-04 -8.2533798e+00 -9.4561272e+00]
3.5939972,0.0,3.6864655,0.0,2,H,2,[-5.0764246 -0.6351974 -0.7685964 -8.241406 ]
2.9201925,0.0,3.900047,0.0,2,H,2,[-2.251956   -0.16168733 -3.184171   -5.919317  ]
3.3332887,0.0,4.1969786,0.0,2,S,3,[-4.1148343  -0.07635315 -6.8610363  -2.880004  ]
4.0385695,0.0,3.8787043,0.0,2,S,3,[-1.2176398e+01 -1.3982272e-04 -8.9419165e+00 -1.2442122e+01]
3.3142757,0.0,3.1235404,0.0,0,S,3,[-8.6751938e+00 -7.4397655e+00 -7.6526916e-04 -1.1892946e+01]
4.157555,0.0,3.4790032,0.0,2,S,3,[-7.7551003e+00 -2.3938352e-03 -6.4996796e+00 -7.6875248e+00]
4.1723433,0.0,4.110498,0.0,2,S,3,[-1.1507192e+01 -6.3268194e-04 -7.8592572e+00 -8.3501644e+00]
3.7715788,0.0,3.9025714,0.0,2,S,3,[-1.0187120e+01 -7.7797747e-03 -4.9844398e+00 -7.0489955e+00]
3.4548774,0.0,4.024094,0.0,2,S,3,[-1.0261881e+01 -2.4077378e-04 -9.5535746e+00 -8.9108305e+00]
3.4371362,0.0,3.5708356,0.0,0,S,3,[-3.2905853  -1.3385057  -0.36420637 -5.15284   ]
3.819958,0.0,2.9082365,0.0,0,H,2,[ -4.9999437  -1.3494891  -0.3094124 -11.431024 ]
3.5113754,0.0,3.389372,0.0,0,N,0,[-7.9046068e+00 -8.7949800e+00 -5.2140467e-04 -1.4108319e+01]
2.4716995,0.0,3.9790418,0.0,1,A,1,[-2.0113017e-03 -6.3840990e+00 -8.2094040e+00 -9.9233427e+00]
2.6837375,0.0,3.8974028,0.0,1,A,1,[ -0.15810686  -1.9272449   -7.3411055  -10.01976   ]
1.9756231,0.0,4.161743,0.0,1,A,1,[ -0.01528209  -4.190143   -12.033627   -11.053303  ]
2.1674633,0.0,4.1400123,0.0,1,A,1,[ -0.18444455  -1.7815839  -11.855185    -9.797585  ]
2.0589368,0.0,3.733449,0.0,1,A,1,[-4.3868058e-05 -1.1096933e+01 -1.3095449e+01 -1.0531309e+01]
2.1175008,0.0,4.33732,0.0,1,A,1,[-2.6583319e-05 -1.0662792e+01 -1.3045385e+01 -1.3737385e+01]
3.9497812,0.0,3.5081058,0.0,0,H,2,[ -5.9416347  -0.8561774  -0.557632  -10.550583 ]
3.8124442,0.0,3.6671536,0.0,2,H,2,[-4.4605899e+00 -1.2024064e-02 -7.8432188e+00 -1.2414764e+01]
2.7372613,0.0,3.2841861,0.0,2,H,2,[-7.4063582e+00 -7.3322590e-04 -9.0339613e+00 -1.1964558e+01]
3.1933467,0.0,3.234594,0.0,1,H,2,[ -0.01475047  -4.3540387   -6.327641   -13.65145   ]
3.0471253,0.0,3.4015079,0.0,0,N,0,[-5.3593631e+00 -6.4607391e+00 -6.3110106e-03 -1.0653450e+01]
3.2656124,0.0,3.111003,0.0,0,N,0,[-8.9771204e+00 -7.0420494e+00 -1.0019288e-03 -1.4028942e+01]
2.9826074,0.0,2.8417416,0.0,0,N,0,[-7.4192038e+00 -6.5649266e+00 -2.0143948e-03 -1.2488548e+01]
3.6288607,0.0,3.600454,0.0,2,N,0,[ -8.36534     -0.12672065  -2.130485   -11.763431  ]
3.209542,0.0,3.927777,0.0,2,S,3,[-2.7306085  -0.14485462 -2.6649148  -9.610528  ]
3.5353806,0.0,3.6366823,0.0,1,A,1,[ -0.01445242  -4.246674   -12.1211815  -10.370062  ]
1.9588369,0.0,4.385679,0.0,1,A,1,[-1.4344889e-03 -6.5721369e+00 -1.4304531e+01 -1.0288204e+01]
2.029407,0.0,4.1224217,0.0,1,A,1,[-2.2649740e-06 -1.3260583e+01 -1.5587067e+01 -1.4916702e+01]
3.5607822,0.0,3.9022102,0.0,2,A,1,[-5.8927436e+00 -2.8052286e-03 -1.0145041e+01 -1.2851869e+01]
2.884727,0.0,4.117694,0.0,2,A,1,[-2.330457   -0.10278458 -7.9659896  -9.42987   ]
3.7251775,0.0,5.0236597,0.0,2,A,1,[-7.0124621e+00 -9.9811796e-04 -9.8929729e+00 -9.9745865e+00]
1.8606479,0.0,4.6235666,0.0,1,A,1,[-8.8854879e-04 -7.0515451e+00 -1.2086794e+01 -1.1019434e+01]
3.5564446,0.0,3.8133965,0.0,1,H,2,[ -0.16041005  -1.9097191   -9.457779   -12.107055  ]
3.8991563,0.0,2.7638326,0.0,0,H,2,[-1.2363624e+01 -6.6770740e+00 -1.2650829e-03 -1.4275126e+01]
3.6699257,0.0,3.6272624,0.0,2,N,0,[ -3.4168787   -0.13683057  -2.3533432  -11.019736  ]
2.9973764,0.0,3.3450105,0.0,0,S,3,[-2.9652889  -0.9014582  -0.61420196 -6.5679207 ]
2.6570911,0.0,3.8372471,0.0,0,S,3,[-2.5867028  -1.8306537  -0.27203608 -5.9535184 ]
3.4524283,0.0,3.4522974,0.0,2,S,3,[-9.1554203e+00 -6.3506461e-04 -7.5525198e+00 -1.2338516e+01]
2.9713438,0.0,2.8372505,0.0,2,S,3,[-4.060266   -0.18333298 -4.251523   -1.9949381 ]
3.787521,0.0,3.5489206,0.0,2,S,3,[-1.2417964e+01 -4.3272037e-05 -1.0278857e+01 -1.2218545e+01]
3.358727,0.0,4.1944156,0.0,2,S,3,[-1.0351611e+01 -9.8104436e-05 -9.7112465e+00 -1.2084018e+01]
3.858871,0.0,4.5879107,0.0,2,S,3,[-1.1595928e+01 -4.5594778e-03 -1.0826138e+01 -5.3992300e+00]
3.2457387,0.0,2.981395,0.0,2,S,3,[-2.4503455  -0.22034068 -2.1979713  -7.678753  ]
3.2038565,0.0,3.2894523,0.0,0,S,3,[-1.1769606e+01 -1.0653334e+01 -3.2066786e-05 -1.4229935e+01]
2.9458435,0.0,3.6459982,0.0,2,A,1,[ -3.7928622   -0.04385211  -3.8944347  -10.890076  ]
3.0063643,0.0,3.276013,0.0,1,A,1,[ -0.04838722  -3.1127427   -5.905884   -10.318787  ]
3.580051,0.0,3.3243148,0.0,0,H,2,[ -6.6580443   -4.334744    -0.01449648 -12.701879  ]
4.1923313,0.0,2.8778596,0.0,2,H,2,[-1.15278177e+01 -4.52985041e-05 -1.02835245e+01 -1.35919943e+01]
3.572825,0.0,3.459534,0.0,0,N,0,[-7.8423333e+00 -5.8874207e+00 -3.1764074e-03 -1.2296016e+01]
3.1653159,0.0,3.2890708,0.0,0,N,0,[-5.3309889e+00 -7.8691540e+00 -5.2509485e-03 -1.1070148e+01]
3.1986222,0.0,3.2041278,0.0,0,N,0,[-8.5971861e+00 -9.2127638e+00 -2.8713394e-04 -1.2811004e+01]
3.352639,0.0,3.45937,0.0,0,N,0,[-1.0896989e+01 -1.0396308e+01 -5.0781870e-05 -1.3315366e+01]
2.84846,0.0,3.2380414,0.0,0,N,0,[-5.5156617e+00 -8.1533842e+00 -4.3441928e-03 -1.0650743e+01]
3.860255,0.0,3.559754,0.0,0,N,0,[ -9.705423    -2.748969    -0.06620128 -12.790419  ]
3.2424104,0.0,3.4527128,0.0,0,N,0,[-9.4798765e+00 -9.0369978e+00 -1.9846378e-04 -1.2698565e+01]
3.0226376,0.0,3.6154146,0.0,0,N,0,[-1.0522724e+01 -1.0430258e+01 -6.7112574e-05 -1.1458795e+01]
3.1379862,0.0,3.1869433,0.0,0,N,0,[-1.02512455e+01 -1.16834908e+01 -4.41064658e-05 -1.48072262e+01]
3.0828547,0.0,3.272704,0.0,0,N,0,[-5.6619043e+00 -5.6678796e+00 -6.9702561e-03 -1.1114611e+01]
3.508719,0.0,3.0085976,0.0,0,N,0,[-9.2541580e+00 -1.0017075e+01 -1.4089546e-04 -1.4399351e+01]
3.0182931,0.0,3.6204114,0.0,0,N,0,[-5.4327321e+00 -5.7537522e+00 -7.6175923e-03 -9.9731312e+00]
3.234847,0.0,3.1216533,0.0,0,N,0,[-9.9770374e+00 -8.5288620e+00 -2.4566017e-04 -1.3390118e+01]
3.376066,0.0,2.808753,0.0,0,N,0,[-9.0086546e+00 -9.1111755e+00 -2.3457636e-04 -1.3242182e+01]
3.6091468,0.0,2.7897208,0.0,2,N,0,[ -9.083904    -0.07967383  -2.5710268  -11.335073  ]
3.258324,0.0,3.3735507,0.0,0,N,0,[ -5.114822    -4.3777986   -0.01876495 -10.416815  ]
3.3302624,0.0,3.2062836,0.0,0,N,0,[-5.8696437e+00 -6.9564872e+00 -3.8504286e-03 -9.6152267e+00]
3.3089933,0.0,3.1118643,0.0,0,N,0,[-1.7752503  -5.514471   -0.19083928 -8.233587  ]
3.4263368,0.0,3.203857,0.0,0,N,0,[-1.1998785e+01 -1.1299332e+01 -1.9192512e-05 -1.4154457e+01]
3.92714,0.0,3.4239964,0.0,2,S,3,[-5.391198   -0.6665645  -0.73092514 -7.5798635 ]
4.3291054,0.0,2.9861405,0.0,2,S,3,[-4.482178   -0.66961193 -0.7413399  -8.082068  ]
3.488715,0.0,2.8148828,0.0,0,S,3,[-9.2290878e+00 -7.7869635e+00 -5.1592389e-04 -1.2881924e+01]
2.5639987,0.0,3.834888,0.0,1,A,1,[-1.5616295e-05 -1.1389384e+01 -1.2586108e+01 -1.3991201e+01]
2.1257136,0.0,4.1120415,0.0,1,A,1,[-4.9470633e-05 -1.0059662e+01 -1.2176597e+01 -1.3412680e+01]
3.068308,0.0,3.524371,0.0,0,H,2,[ -0.8249158   -2.5417902   -0.72776026 -11.234005  ]
4.177316,0.0,2.730629,0.0,2,H,2,[ -9.667434    -0.14094284  -2.0295506  -12.637326  ]
3.0038738,0.0,2.4398787,0.0,0,N,0,[-2.7796547  -4.0669284  -0.08264553 -8.927258  ]
3.3761573,0.0,3.1804652,0.0,0,N,0,[-1.12429323e+01 -1.03923426e+01 -4.58945251e-05 -1.30681305e+01]
3.6405265,0.0,3.3006647,0.0,0,N,0,[ -2.1233153  -1.7355773  -0.3509341 -10.200968 ]
3.6868522,0.0,3.1420128,0.0,0,N,0,[-1.5002975e+01 -1.1482849e+01 -1.0728779e-05 -1.5767217e+01]
3.5942214,0.0,3.0180593,0.0,0,N,0,[-1.3386578e+01 -1.2138856e+01 -7.0333235e-06 -1.6052599e+01]
4.0377717,0.0,3.9083793,0.0,0,N,0,[ -6.393114    -2.9953957   -0.05308321 -11.617525  ]
3.701453,0.0,2.878059,0.0,0,N,0,[-1.1186212e+01 -9.1659021e+00 -1.1920219e-04 -1.4064755e+01]
3.5571005,0.0,3.1985862,0.0,0,N,0,[-8.1246109e+00 -7.4395113e+00 -8.8521390e-04 -1.3742090e+01]
3.6796904,0.0,3.6101983,0.0,0,N,0,[-9.9243126e+00 -8.6282187e+00 -2.3278865e-04 -1.2261229e+01]
2.498924,0.0,3.0397606,0.0,0,S,3,[-1.1720643  -4.457552   -0.38932067 -6.7547374 ]
3.4405956,0.0,2.8538558,0.0,0,S,3,[-5.32859468e+00 -5.31417751e+00 -9.82638355e-03 -1.20213175e+01]
2.8294754,0.0,2.598023,0.0,1,S,3,[-0.25697017 -3.4083922  -1.6570855  -5.87088   ]
2.4605532,0.0,2.3779213,0.0,0,S,3,[-5.108867e+00 -7.991228e+00 -6.541743e-03 -8.880661e+00]
2.3647115,0.0,3.1964562,0.0,1,S,3,[-0.79296666 -1.1984653  -1.5056126  -3.7313101 ]
2.5793962,0.0,3.3048484,0.0,1,S,3,[-0.33709148 -1.2831793  -4.7905073  -7.273856  ]
3.7713306,0.0,3.1072996,0.0,1,A,1,[-0.68037045 -1.0082855  -2.05127    -8.770677  ]
3.2002127,0.0,2.7220786,0.0,0,S,3,[-5.9376192e+00 -8.6417627e+00 -2.8452887e-03 -1.0542410e+01]
2.6816704,0.0,2.9671948,0.0,1,S,3,[-0.8487953 -1.1020253 -1.5666716 -3.4694762]
3.15895,0.0,2.9284155,0.0,0,S,3,[-8.1255999e+00 -8.2859764e+00 -5.7358976e-04 -1.0575120e+01]
3.8809013,0.0,2.9828465,0.0,0,S,3,[-8.5362740e+00 -6.3321853e+00 -1.9801310e-03 -1.2470648e+01]
4.3334527,0.0,3.2923145,0.0,0,H,2,[ -5.0295687  -0.7429313  -0.6582894 -12.270781 ]
4.324448,0.0,3.0729332,0.0,2,H,2,[ -5.9612265  -0.3217537  -1.2999692 -11.956292 ]
3.2696493,0.0,3.3493857,0.0,0,N,0,[ -3.6507924   -5.7130194   -0.02971848 -11.731491  ]
4.075073,0.0,3.2033298,0.0,2,H,2,[-10.285444    -0.24181157  -1.5383413  -10.607065  ]
3.9326859,0.0,3.3113585,0.0,2,H,2,[-8.4778805e+00 -2.2587283e-03 -6.1942959e+00 -1.1855558e+01]
3.772862,0.0,3.8185756,0.0,2,H,2,[-9.0147972e+00 -1.3803483e-04 -1.1261985e+01 -1.2541491e+01]
3.9675536,0.0,3.3304067,0.0,2,H,2,[-9.9211178e+00 -1.4149141e-04 -9.3142357e+00 -1.2984325e+01]
3.1309364,0.0,2.2797635,0.0,0,N,0,[-8.0907145e+00 -1.1486734e+01 -3.2002572e-04 -1.2620177e+01]
3.2378066,0.0,3.237006,0.0,0,N,0,[-5.5132194e+00 -5.2071066e+00 -9.5621664e-03 -1.2016103e+01]
2.4038494,0.0,3.5633483,0.0,1,A,1,[-9.5367386e-07 -1.3847947e+01 -1.7019232e+01 -1.6867601e+01]
2.1305974,0.0,4.3861504,0.0,1,A,1,[-1.0913614e-03 -6.8470016e+00 -1.2275862e+01 -1.0657928e+01]
2.9459467,0.0,4.293649,0.0,2,A,1,[ -2.4894192   -0.08668309  -9.812261   -10.84555   ]
2.794081,0.0,3.2087543,0.0,1,A,1,[-3.6007825e-03 -6.0520196e+00 -6.6928725e+00 -1.3394653e+01]
3.245279,0.0,2.693602,0.0,0,A,1,[ -2.527456    -5.482375    -0.08777091 -11.739784  ]
3.3719828,0.0,2.7597215,0.0,0,S,3,[-5.7384911e+00 -5.4347363e+00 -7.6392419e-03 -1.0479726e+01]
2.7863967,0.0,3.119338,0.0,1,N,0,[ -0.05776614  -4.601071    -3.077544   -11.044323  ]
4.1518893,0.0,3.0710335,0.0,2,H,2,[-1.2307748e+01 -2.3684080e-04 -8.3740835e+00 -1.3401428e+01]
3.9612684,0.0,2.9626153,0.0,2,H,2,[ -9.446148    -0.02830282  -3.5818043  -13.396234  ]
3.4703715,0.0,2.9781902,0.0,0,H,2,[ -3.3438168  -5.1838346  -0.0417828 -11.216784 ]
4.20116,0.0,2.9809363,0.0,2,H,2,[-1.1814141e+01 -2.8558468e-04 -8.1977625e+00 -1.2764945e+01]
4.0541077,0.0,3.8357553,0.0,2,H,2,[-1.4486222e+01 -6.3774933e-05 -9.6850138e+00 -1.3768661e+01]
4.4912925,0.0,4.147282,0.0,2,H,2,[-1.0917213e+01 -6.9377398e-05 -9.9071274e+00 -1.3497915e+01]
4.392681,0.0,3.513745,0.0,2,H,2,[-1.35497780e+01 -1.03711545e-05 -1.17789402e+01 -1.34313936e+01]
4.5819573,0.0,3.8067136,0.0,2,H,2,[-1.2968500e+01 -5.7220295e-06 -1.3648233e+01 -1.3073233e+01]
4.477602,0.0,3.8660119,0.0,2,H,2,[-1.0845981e+01 -2.4676019e-05 -1.3083061e+01 -1.2637516e+01]
1.973829,0.0,4.6094894,0.0,1,A,1,[-2.1576649e-05 -1.1100450e+01 -1.2266288e+01 -1.3220972e+01]
2.8169277,0.0,4.0175605,0.0,1,A,1,[-4.0078801e-03 -5.5305572e+00 -1.0381257e+01 -1.2193285e+01]
1.9138466,0.0,3.905469,0.0,1,A,1,[-2.6568220e-04 -8.2475948e+00 -1.4633844e+01 -1.2620223e+01]
3.2997034,0.0,3.621798,0.0,1,A,1,[ -0.58451396  -0.816171    -7.618769   -11.432673  ]
3.2428951,0.0,4.29776,0.0,1,A,1,[ -0.17912845  -1.8087747   -9.139189   -10.142986  ]
1.9255468,0.0,3.9881947,0.0,1,A,1,[-1.4781843e-05 -1.1248363e+01 -1.3510561e+01 -1.4582253e+01]
1.9937046,0.0,3.9782565,0.0,1,A,1,[-1.23976897e-05 -1.13571119e+01 -1.46509266e+01 -1.51515045e+01]
2.412643,0.0,3.7820394,0.0,1,A,1,[-9.5715001e-04 -6.9852195e+00 -1.2729676e+01 -1.0474150e+01]
3.0020523,0.0,4.381875,0.0,1,A,1,[-0.23046248 -1.5817829  -9.377132   -8.866842  ]
3.2745178,0.0,3.9132507,0.0,2,A,1,[ -3.1651733   -0.04337702  -8.427699   -10.629314  ]
2.2541919,0.0,4.27063,0.0,1,A,1,[-2.3350373e-04 -8.5329666e+00 -1.0811683e+01 -1.1014312e+01]
3.959851,0.0,3.1341136,0.0,2,H,2,[ -7.6451855   -0.04108422  -3.224648   -12.537682  ]
3.0637224,0.0,2.9254231,0.0,0,N,0,[-7.4861293e+00 -7.6144943e+00 -1.0600430e-03 -1.2105816e+01]
3.1987762,0.0,2.6372778,0.0,0,N,0,[-6.08886576e+00 -8.29322147e+00 -2.53332360e-03 -1.13364315e+01]
3.885282,0.0,2.7335062,0.0,0,N,0,[ -1.8839874   -5.177298    -0.17154884 -11.123585  ]
3.4991345,0.0,3.3683412,0.0,0,N,0,[ -5.745763    -0.86742914  -0.5503708  -10.183041  ]
3.4469678,0.0,3.2877746,0.0,0,N,0,[-5.7679424e+00 -7.7973847e+00 -3.5573079e-03 -1.1175365e+01]
3.249728,0.0,3.4156675,0.0,0,N,0,[-7.2296443e+00 -6.9929023e+00 -1.6562329e-03 -1.1357364e+01]
3.256212,0.0,3.1664252,0.0,0,N,0,[-9.2952976e+00 -8.8197508e+00 -2.4065460e-04 -1.3823444e+01]
3.3554938,0.0,3.2193966,0.0,0,N,0,[-5.1855330e+00 -6.9374309e+00 -6.5971673e-03 -1.1781669e+01]
3.137971,0.0,3.1107867,0.0,1,N,0,[-0.1406788 -4.988871  -2.0844984 -9.925612 ]
3.2057588,0.0,3.4854012,0.0,0,N,0,[-9.5693865e+00 -9.6848602e+00 -1.3851160e-04 -1.1953570e+01]
3.396643,0.0,3.4982963,0.0,0,N,0,[-3.585583   -2.3369987  -0.13291718 -8.989347  ]
3.5691452,0.0,3.5080867,0.0,0,N,0,[-8.80545425e+00 -7.54189825e+00 -6.88077649e-04 -1.17985325e+01]
3.340959,0.0,2.9768782,0.0,0,N,0,[-9.2485609e+00 -8.3253708e+00 -3.4457468e-04 -1.2032691e+01]
3.6899462,0.0,3.4832928,0.0,0,N,0,[ -4.240545    -2.4778652   -0.10353983 -10.1784315 ]
3.755739,0.0,3.3784347,0.0,0,N,0,[-7.9205461e+00 -6.5692058e+00 -1.7811877e-03 -1.1215351e+01]
2.9374225,0.0,2.9580634,0.0,0,N,0,[-2.2307477  -3.4435546  -0.15030581 -8.764445  ]
3.5403953,0.0,3.4521425,0.0,0,N,0,[-1.0072195e+01 -7.4777794e+00 -6.0825917e-04 -1.5001007e+01]
3.4350493,0.0,3.3412578,0.0,0,N,0,[-1.0349558e+01 -8.4450665e+00 -2.4804377e-04 -1.3698309e+01]
3.7990642,0.0,2.6765928,0.0,0,N,0,[ -4.893725    -5.078549    -0.01382161 -12.411099  ]
3.6415734,0.0,3.0669527,0.0,0,N,0,[ -7.106956    -3.3710628   -0.03581294 -11.894931  ]
3.3169653,0.0,2.864288,0.0,0,N,0,[-1.1731638e+01 -1.0216488e+01 -4.5298504e-05 -1.4115625e+01]
3.5029619,0.0,2.5580456,0.0,0,S,3,[-7.2912035e+00 -7.0449791e+00 -1.6782498e-03 -8.9994421e+00]
3.414243,0.0,2.6315677,0.0,0,S,3,[-9.1955719e+00 -1.0183001e+01 -1.4101465e-04 -1.3312716e+01]
2.9440622,0.0,2.8206105,0.0,0,S,3,[-5.0031595e+00 -7.2447805e+00 -7.5015286e-03 -1.0058094e+01]
3.1937993,0.0,3.0616825,0.0,0,S,3,[-6.0427613  -4.5588336  -0.01299025 -9.772911  ]
3.216405,0.0,3.2375062,0.0,0,S,3,[-3.768076   -2.0702167  -0.16171491 -9.699236  ]
2.796805,0.0,2.8935363,0.0,0,S,3,[ -2.4303505   -7.4715447   -0.09275804 -11.422898  ]
3.975392,0.0,2.9116445,0.0,2,H,2,[ -3.9857957   -0.16394363  -2.0202405  -11.616498  ]
3.7701259,0.0,3.5881283,0.0,2,H,2,[-1.0051486e+01 -1.1812943e-04 -1.2215635e+01 -9.5668049e+00]
4.4686637,0.0,3.993498,0.0,2,H,2,[-1.1680001e+01 -5.0424260e-05 -1.0096723e+01 -1.4140502e+01]
3.0975685,0.0,3.1347158,0.0,0,N,0,[-9.2456598e+00 -1.0715551e+01 -1.1991736e-04 -1.3641920e+01]
3.1870763,0.0,3.0035646,0.0,0,N,0,[-9.0128183e+00 -8.4165230e+00 -3.4707721e-04 -1.2418327e+01]
3.0948877,0.0,3.297392,0.0,2,S,3,[-5.2835345e+00 -5.1102969e-03 -1.0851176e+01 -1.2567142e+01]
3.1436105,0.0,4.3615603,0.0,2,A,1,[-1.445179   -0.26944643 -7.7127104  -9.967277  ]
2.167029,0.0,4.431056,0.0,1,A,1,[ -0.02384218  -3.7516878  -10.9386215   -9.652555  ]
2.8100631,0.0,3.5247934,0.0,1,A,1,[-3.2669527e-03 -5.7595730e+00 -9.1287289e+00 -1.4169438e+01]
2.768968,0.0,4.303711,0.0,1,A,1,[ -0.01308556  -4.3481035   -9.659163   -12.172903  ]
3.354895,0.0,4.104323,0.0,2,A,1,[ -2.262892    -0.10988154 -11.905454   -12.470494  ]
2.7492206,0.0,4.2244363,0.0,2,A,1,[-5.7559781e+00 -3.2993902e-03 -8.9902401e+00 -1.2127764e+01]
1.9265765,0.0,3.727672,0.0,1,A,1,[-1.0418349e-04 -9.1762438e+00 -1.4810733e+01 -1.4900680e+01]
2.7326603,0.0,4.192575,0.0,1,A,1,[ -0.5295317  -0.8890474 -10.324733  -10.139988 ]
4.2110186,0.0,3.3453393,0.0,2,H,2,[-1.3662507e+01 -7.0333235e-06 -1.2170592e+01 -1.4090773e+01]
3.989548,0.0,3.2164683,0.0,2,H,2,[-7.2528172e+00 -8.4185915e-04 -8.9306078e+00 -1.3852357e+01]
4.073181,0.0,3.422701,0.0,2,H,2,[-9.2166700e+00 -3.4969891e-04 -8.2971611e+00 -1.3760333e+01]
3.6574428,0.0,3.8756008,0.0,2,H,2,[-4.4900379e+00 -1.1304966e-02 -1.0989851e+01 -1.2383557e+01]
3.7487311,0.0,4.043997,0.0,2,H,2,[-1.3645504e+01 -4.3748852e-05 -1.0090736e+01 -1.3722160e+01]
3.6414013,0.0,3.2494135,0.0,2,H,2,[ -7.4749246   -0.08587878  -2.50445    -11.879719  ]
4.585662,0.0,3.9324713,0.0,2,H,2,[-1.2512304e+01 -7.0558919e-04 -7.2666402e+00 -1.2638941e+01]
3.6034153,0.0,3.3082728,0.0,2,H,2,[ -5.341377    -0.16885605  -1.8933603  -11.09675   ]
3.8951132,0.0,3.3371167,0.0,0,H,2,[-9.7787189e+00 -4.7751608e+00 -8.5324971e-03 -1.2753196e+01]
3.689386,0.0,3.4057386,0.0,0,N,0,[-9.8367062e+00 -4.9525356e+00 -7.1450900e-03 -1.4158865e+01]
3.6095512,0.0,2.9244893,0.0,0,N,0,[-9.6845255e+00 -7.2186484e+00 -7.9600117e-04 -1.4354434e+01]
3.2079418,0.0,3.0745676,0.0,2,A,1,[-5.7685552e+00 -4.7750724e-03 -6.4218059e+00 -1.1204284e+01]
3.8702056,0.0,2.7297854,0.0,0,H,2,[-1.1389586e+01 -5.6981239e+00 -3.3710341e-03 -1.3261176e+01]
3.7043653,0.0,3.2043178,0.0,0,N,0,[-4.1915617 -0.861611  -0.5758475 -8.689967 ]
3.210197,0.0,3.4497871,0.0,0,N,0,[-9.5367346e+00 -7.4799051e+00 -6.4959878e-04 -1.1263997e+01]
3.4215293,0.0,2.9815598,0.0,0,N,0,[ -2.0508537   -1.1351953   -0.59787613 -10.204036  ]
3.7011914,0.0,3.6416826,0.0,0,N,0,[-7.6229253  -3.2092285  -0.04179903 -9.710597  ]
3.3520384,0.0,3.2611456,0.0,0,N,0,[-2.9722686  -4.58453    -0.06345784 -9.307819  ]
3.1393664,0.0,2.7211494,0.0,0,S,3,[-1.2329907e+01 -1.3111556e+01 -6.6756979e-06 -1.5405154e+01]
3.174467,0.0,2.6883614,0.0,0,A,1,[ -4.7017164   -5.9740725   -0.01172815 -10.230995  ]
3.9230366,0.0,3.141009,0.0,0,H,2,[ -8.1298895   -2.7348647   -0.06742816 -11.758229  ]
3.927928,0.0,2.570719,0.0,0,H,2,[-9.0609655e+00 -6.1388350e+00 -2.2785910e-03 -1.2888984e+01]
3.35159,0.0,2.5148966,0.0,0,N,0,[-8.0666199e+00 -9.8858662e+00 -3.6709724e-04 -1.2975646e+01]
3.3127494,0.0,2.7454407,0.0,0,N,0,[-6.3633671e+00 -7.1479979e+00 -2.5279729e-03 -1.1121228e+01]
3.1567369,0.0,2.8214731,0.0,0,N,0,[-7.0425949e+00 -8.7140417e+00 -1.0438475e-03 -1.2169894e+01]
3.2831817,0.0,3.1286817,0.0,0,H,2,[-1.1802355e+01 -1.2109822e+01 -1.3232144e-05 -1.5061301e+01]
3.2748888,0.0,2.789619,0.0,1,H,2,[ -0.61491376  -1.0072052   -2.3638804  -10.836274  ]
3.2760987,0.0,2.7914622,0.0,0,N,0,[ -2.2980847   -2.8193483   -0.17449996 -10.510034  ]
3.1862197,0.0,2.6827376,0.0,0,N,0,[-7.5959878e+00 -1.0879164e+01 -5.2700459e-04 -1.2082423e+01]
2.5715892,0.0,3.974663,0.0,1,A,1,[-4.1997335e-03 -5.4801397e+00 -1.0854447e+01 -1.2776285e+01]
2.0613036,0.0,4.0684457,0.0,1,A,1,[-8.8449378e-05 -9.3861008e+00 -1.2389838e+01 -1.4751864e+01]
3.3295267,0.0,3.8048754,0.0,2,H,2,[ -4.5066013   -0.01338002  -6.0969152  -12.176191  ]
3.4894307,0.0,2.708434,0.0,0,N,0,[-5.2338080e+00 -6.5109167e+00 -6.8522231e-03 -1.1672189e+01]
3.535402,0.0,3.3000805,0.0,0,N,0,[-6.9314961e+00 -6.0788093e+00 -3.2795477e-03 -1.1897008e+01]
2.93287,0.0,2.6712534,0.0,0,N,0,[-1.0777295e+01 -1.3517654e+01 -2.2649509e-05 -1.4462217e+01]
3.254458,0.0,3.6110032,0.0,2,S,3,[-1.5963275 -0.623974  -1.3903414 -4.3772783]
2.9347064,0.0,2.6667461,0.0,0,S,3,[-5.1505532e+00 -9.5708036e+00 -5.8946577e-03 -1.1382503e+01]
3.3513799,0.0,3.6235847,0.0,2,H,2,[ -4.7791476   -0.02839505  -3.9336286  -10.816822  ]
4.2988605,0.0,3.3892314,0.0,2,H,2,[-1.1056146e+01 -9.0833353e-05 -9.5117083e+00 -1.3760194e+01]
3.9475532,0.0,4.1774206,0.0,2,A,1,[-7.5622072e+00 -5.9694110e-04 -9.6276455e+00 -1.1405014e+01]
2.5045667,0.0,4.5646405,0.0,1,A,1,[-0.11495638 -2.2331116  -7.4592934  -7.100771  ]
2.6188512,0.0,4.3699646,0.0,1,A,1,[-0.08944462 -2.4709227  -8.862542   -6.9991603 ]
3.8544888,0.0,4.458748,0.0,2,H,2,[ -2.179562    -0.12011438  -9.686968   -10.486408  ]
3.8286664,0.0,3.346177,0.0,2,N,0,[-5.5383940e+00 -6.2763016e-03 -6.0831532e+00 -1.0060632e+01]
3.7400615,0.0,2.9512925,0.0,0,S,3,[-1.2300624e+01 -1.0224491e+01 -4.1245563e-05 -1.4549064e+01]
3.945104,0.0,2.7980585,0.0,0,S,3,[-1.13808670e+01 -9.10606480e+00 -1.23016420e-04 -1.42665415e+01]
1.9953519,0.0,4.0969477,0.0,1,A,1,[-2.8967437e-05 -1.0491655e+01 -1.5472444e+01 -1.3835833e+01]
2.1486747,0.0,3.9726043,0.0,1,A,1,[-4.5060096e-05 -1.0157097e+01 -1.2176069e+01 -1.3622119e+01]
3.2528915,0.0,3.518158,0.0,0,A,1,[ -2.0157895   -3.0378695   -0.19989225 -10.449551  ]
3.179893,0.0,4.54804,0.0,1,A,1,[-4.2823520e-03 -5.4565663e+00 -1.3781673e+01 -1.2456127e+01]
3.4729269,0.0,3.7377157,0.0,2,A,1,[ -1.2473016   -0.33868554 -11.87035    -11.788345  ]
2.1712825,0.0,4.041131,0.0,1,A,1,[-5.3832342e-04 -7.5385690e+00 -1.2921119e+01 -1.2533905e+01]
2.696095,0.0,3.493934,0.0,1,A,1,[-5.0863391e-03 -5.2890959e+00 -1.1592412e+01 -1.0927323e+01]
2.4676907,0.0,4.1349726,0.0,1,A,1,[-7.4787776e-04 -7.2384291e+00 -1.0906973e+01 -1.1430065e+01]
3.2785351,0.0,3.6449738,0.0,1,A,1,[ -0.4734544  -0.9822129  -5.939436  -10.180148 ]
2.785967,0.0,4.120667,0.0,1,A,1,[-1.0578510e-02 -4.5547223e+00 -1.2998429e+01 -1.2694916e+01]
2.1734018,0.0,3.642769,0.0,1,A,1,[-1.3708975e-05 -1.1285267e+01 -1.4388063e+01 -1.4265660e+01]
1.5190848,0.0,4.2987337,0.0,1,A,1,[-5.2962580e-04 -7.5542946e+00 -1.4305914e+01 -1.2208503e+01]
3.091796,0.0,4.5207143,0.0,1,H,2,[ -0.04016874  -3.23498    -12.448049   -11.759996  ]
4.3720226,0.0,3.9612432,0.0,2,H,2,[ -2.8518612   -0.05968487  -8.569021   -11.330538  ]
4.1115875,0.0,3.1096396,0.0,0,H,2,[ -8.96473     -0.78341734  -0.6106297  -10.764296  ]
3.7554078,0.0,3.5883973,0.0,2,H,2,[ -4.2286296  -0.595486   -0.8344663 -10.522223 ]
3.7934926,0.0,3.3284476,0.0,2,H,2,[-7.5640922e+00 -6.1111845e-04 -9.7883577e+00 -1.0228146e+01]
3.7061641,0.0,3.384551,0.0,0,N,0,[ -8.52064     -4.424251    -0.01227374 -11.03018   ]
3.5423071,0.0,3.2952738,0.0,0,N,0,[-1.2606045e+01 -1.1248585e+01 -1.7046783e-05 -1.4186007e+01]
3.5527825,0.0,3.315628,0.0,0,N,0,[-1.0695500e+01 -6.6180344e+00 -1.3609205e-03 -1.3524493e+01]
3.4967883,0.0,2.888067,0.0,0,S,3,[-5.839749   -2.962345   -0.05657836 -7.822807  ]
3.9372528,0.0,3.2789655,0.0,2,S,3,[-1.1729436e+01 -2.9130507e-04 -8.2470274e+00 -1.0768968e+01]
3.6809034,0.0,3.1167548,0.0,2,S,3,[-1.2340775e+01 -2.2865599e-03 -6.0856442e+00 -1.2369568e+01]
3.2131968,0.0,3.2215314,0.0,2,S,3,[-4.820645   -0.08238812 -2.6470373  -8.721218  ]
3.2138405,0.0,3.934285,0.0,1,S,3,[-0.36092362 -1.196987   -7.157138   -9.368238  ]
3.0357,0.0,3.3813756,0.0,1,A,1,[ -0.41976115  -1.0744436   -6.6506567  -11.0837965 ]
3.0675397,0.0,3.5877078,0.0,1,A,1,[ -0.13324204  -2.0874858   -7.202979   -12.448663  ]
3.400105,0.0,3.1689017,0.0,1,A,1,[ -0.11771956  -2.4284792   -3.7782204  -10.795217  ]
2.873879,0.0,3.3578255,0.0,2,A,1,[ -5.7278857   -0.02927367  -3.6665576  -10.382427  ]
3.2425442,0.0,3.2544732,0.0,0,A,1,[-1.6682695  -4.2558913  -0.22668162 -9.539572  ]
1.4397496,0.0,3.8714235,0.0,1,A,1,[-6.1510102e-05 -9.7647238e+00 -1.3548250e+01 -1.2787085e+01]
1.5573959,0.0,3.5053394,0.0,1,A,1,[-9.0598651e-06 -1.1644481e+01 -1.6022972e+01 -1.5755389e+01]
3.2346456,0.0,3.4591415,0.0,0,A,1,[ -5.7676063   -4.206433    -0.01819409 -12.744181  ]
4.1539006,0.0,2.985416,0.0,0,N,0,[ -5.8342986  -4.611579   -0.0129486 -12.568837 ]
3.388199,0.0,3.421311,0.0,2,N,0,[-3.1800976  -0.72058827 -0.7523263  -7.2882237 ]
3.4838576,0.0,2.9049768,0.0,0,N,0,[-8.1559000e+00 -6.2841001e+00 -2.1566721e-03 -1.3410504e+01]
3.6896224,0.0,2.4997768,0.0,2,S,3,[ -4.498935    -0.37077066  -1.2084937  -10.411283  ]
2.458487,0.0,3.1684904,0.0,2,S,3,[-2.255291   -0.11547226 -6.5813756  -5.868984  ]
3.536364,0.0,3.7056682,0.0,2,S,3,[-3.5789177 -0.368556  -1.272965  -7.9254656]
3.4964752,0.0,3.1705744,0.0,0,A,1,[-8.0650158e+00 -6.6948466e+00 -1.6139827e-03 -9.7039480e+00]
3.353884,0.0,2.7552042,0.0,0,N,0,[-1.20411148e+01 -1.23681717e+01 -1.03711545e-05 -1.52612009e+01]
3.236707,0.0,3.5907323,0.0,0,N,0,[-9.7602901e+00 -7.7022834e+00 -5.1127712e-04 -1.3269911e+01]
3.6571314,0.0,2.7903008,0.0,0,N,0,[-1.1634785e+01 -1.0898568e+01 -2.7656173e-05 -1.4690644e+01]
3.5981998,0.0,3.2625124,0.0,0,N,0,[ -9.484819    -4.232872    -0.01469679 -12.81647   ]
4.252484,0.0,3.5537984,0.0,0,N,0,[ -6.44268     -2.3370361   -0.10337623 -11.920939  ]
3.5851624,0.0,2.7573318,0.0,0,N,0,[-1.2400744e+01 -1.2687268e+01 -7.2717403e-06 -1.5540203e+01]
3.3148148,0.0,3.1481133,0.0,0,N,0,[-1.2471639e+01 -1.1398197e+01 -1.5616295e-05 -1.4260883e+01]
3.5608177,0.0,3.1043227,0.0,0,N,0,[-8.3477507e+00 -8.4845991e+00 -4.4967554e-04 -1.2012539e+01]
3.3430984,0.0,3.6777384,0.0,0,N,0,[-5.1901712 -0.8730698 -0.550412  -9.91591  ]
3.7686484,0.0,3.7754948,0.0,2,N,0,[ -7.6693363   -0.35668364  -1.2055408  -11.594061  ]
3.6495996,0.0,2.8991752,0.0,0,N,0,[ -6.4285827   -1.4420211   -0.27190065 -12.045843  ]
3.4595397,0.0,3.4300046,0.0,0,N,0,[-7.2444496e+00 -5.4685507e+00 -4.9466132e-03 -1.2716760e+01]
3.206855,0.0,3.2378306,0.0,0,N,0,[-9.9826870e+00 -8.7372150e+00 -2.0835613e-04 -1.3299069e+01]
3.1373272,0.0,3.2011788,0.0,0,N,0,[-4.3776164 -6.169041  -0.0148119 -9.820862 ]
3.678758,0.0,3.4025612,0.0,0,N,0,[ -1.9640827  -2.9244525  -0.2156593 -11.371941 ]
3.8166049,0.0,3.4472308,0.0,0,N,0,[-9.5113297e+00 -6.9229326e+00 -1.0657590e-03 -1.1983403e+01]
3.137979,0.0,3.798488,0.0,2,A,1,[-2.9768362  -0.09270284 -3.2827582  -9.768197  ]
2.6496587,0.0,3.9643176,0.0,1,A,1,[ -0.12858588  -2.1178567   -7.922141   -11.494829  ]
2.549416,0.0,3.1587932,0.0,1,A,1,[-9.0927258e-04 -8.7673969e+00 -7.2069712e+00 -1.1354256e+01]
2.6205049,0.0,3.7495532,0.0,1,A,1,[ -0.05809216  -5.229495    -2.9746168  -11.194342  ]
3.5463154,0.0,3.421845,0.0,0,A,1,[ -2.2347972   -3.295507    -0.15560514 -10.131355  ]
1.9656335,0.0,4.03306,0.0,1,A,1,[-2.98022769e-06 -1.28044405e+01 -1.60598888e+01 -1.61938858e+01]
1.78147,0.0,3.6090276,0.0,1,A,1,[-7.7420298e-04 -7.1675129e+00 -1.4321715e+01 -1.3137041e+01]
2.6166463,0.0,3.6821377,0.0,1,A,1,[-1.2882991e-03 -6.6642666e+00 -1.1390580e+01 -1.4614768e+01]
1.8791655,0.0,4.1123786,0.0,1,A,1,[-3.4683887e-04 -7.9774461e+00 -1.3215273e+01 -1.3140904e+01]
3.6676595,0.0,4.1285954,0.0,2,H,2,[-9.79938412e+00 -9.13101467e-05 -1.04984684e+01 -1.16968975e+01]
3.208726,0.0,3.1726952,0.0,0,H,2,[-8.4846334e+00 -5.1410546e+00 -6.0899411e-03 -1.1229242e+01]
4.121869,0.0,3.3383038,0.0,2,H,2,[-1.1642080e+01 -2.2530301e-05 -1.1264812e+01 -1.3999732e+01]
3.334041,0.0,2.8181684,0.0,0,N,0,[-9.7416983e+00 -1.0536865e+01 -8.6542197e-05 -1.3636760e+01]
2.991726,0.0,3.0718906,0.0,0,N,0,[-2.0260103  -2.6838586  -0.22341569 -9.75536   ]
3.4655735,0.0,2.834769,0.0,0,N,0,[-1.0477901e+01 -9.6438026e+00 -9.3098119e-05 -1.5655512e+01]
2.838429,0.0,3.2522717,0.0,2,S,3,[-3.2484798  -0.13985625 -2.4031217  -6.6858873 ]
2.8952758,0.0,3.0576804,0.0,2,S,3,[-1.5085278  -0.75271165 -1.1811936  -7.1757097 ]
2.578051,0.0,3.1882036,0.0,2,S,3,[-3.0186846  -0.12686369 -2.6669598  -7.1090193 ]
3.8523755,0.0,3.0122402,0.0,2,S,3,[-8.0896130e+00 -2.4087008e-03 -6.1825137e+00 -1.0292946e+01]
3.1468697,0.0,3.1181362,0.0,0,S,3,[-5.9634643  -4.632189   -0.01247378 -9.295498  ]
3.3545702,0.0,2.5929768,0.0,0,S,3,[-7.4244347e+00 -6.0203204e+00 -3.0335621e-03 -1.2533471e+01]
3.1646407,0.0,2.4913113,0.0,0,S,3,[-4.3647842  -3.4357035  -0.04600925 -9.972397  ]
2.7258413,0.0,3.3425426,0.0,2,S,3,[-6.8625736e+00 -1.4436548e-03 -9.0267210e+00 -8.1939411e+00]
3.0147567,0.0,3.553208,0.0,2,S,3,[-3.96289    -0.05115889 -3.4797025  -9.950556  ]
2.9507077,0.0,3.5228403,0.0,0,S,3,[-3.988631   -1.6397759  -0.23929168 -8.231362  ]
2.8148432,0.0,3.5380166,0.0,2,S,3,[-5.4395614e+00 -9.6673658e-03 -5.2495193e+00 -1.0434495e+01]
2.5751166,0.0,3.2111793,0.0,2,S,3,[-7.69749594e+00 -9.31663322e-04 -7.69740629e+00 -1.06714735e+01]
3.684358,0.0,4.5562015,0.0,2,A,1,[ -3.8766146  -0.0211539  -8.496462  -11.904187 ]
3.5715377,0.0,4.391065,0.0,2,A,1,[-2.4520607  -0.09294642 -5.957631   -9.7946615 ]
2.3595603,0.0,4.164282,0.0,1,A,1,[-3.2019557e-03 -5.7716694e+00 -9.7098570e+00 -1.0748036e+01]
2.175968,0.0,4.257117,0.0,1,A,1,[-3.5780226e-04 -8.0096903e+00 -1.0919856e+01 -1.1812015e+01]
2.6972408,0.0,3.7768483,0.0,1,A,1,[-2.6472879e-04 -8.4303541e+00 -1.0017880e+01 -1.3133321e+01]
4.5465536,0.0,3.061889,0.0,2,A,1,[-9.7481794e+00 -2.6484797e-04 -8.4897299e+00 -1.3940498e+01]
2.6260045,0.0,4.2330613,0.0,1,A,1,[-1.12408045e-04 -9.12049866e+00 -1.39983139e+01 -1.30319996e+01]
3.7332714,0.0,3.0156562,0.0,2,S,3,[-9.9658146e+00 -1.4790082e-03 -6.5569806e+00 -1.1447336e+01]
4.0385423,0.0,2.7648551,0.0,0,S,3,[ -4.0253444   -5.0051737   -0.02487807 -11.44074   ]
2.265629,0.0,3.0608368,0.0,1,A,1,[-1.4305105e-06 -1.3702542e+01 -1.5388619e+01 -1.6439581e+01]
3.47112,0.0,4.324808,0.0,2,A,1,[ -1.4818819   -0.25778982 -11.131117   -10.92707   ]
2.458547,0.0,3.529298,0.0,1,A,1,[-3.6588646e-03 -6.6349092e+00 -6.0657821e+00 -1.0945891e+01]
2.780503,0.0,3.7271016,0.0,2,N,0,[-0.8319324  -0.59316766 -4.423297   -8.404767  ]
2.9058363,0.0,3.375611,0.0,1,N,0,[ -0.19912952  -6.2603073   -1.7223754  -12.362405  ]
3.5375247,0.0,3.2083204,0.0,2,H,2,[-1.0665621e+01 -2.4732869e-04 -8.4227972e+00 -1.2383864e+01]
4.0266347,0.0,2.9616072,0.0,2,H,2,[ -7.789576    -0.02424031  -3.7495675  -11.871265  ]
3.9754117,0.0,3.1627426,0.0,2,H,2,[ -9.361181    -0.02821196  -3.5856915  -11.156975  ]
3.8580651,0.0,3.9052706,0.0,2,S,3,[-4.4354191e+00 -1.1939137e-02 -1.2529087e+01 -1.1151578e+01]
3.292303,0.0,3.9104888,0.0,2,S,3,[-8.1781044e+00 -2.9166258e-04 -1.2806284e+01 -1.1729481e+01]
4.5568156,0.0,3.7386522,0.0,2,S,3,[-1.1609388e+01 -1.5258673e-05 -1.3225502e+01 -1.2344245e+01]
3.047605,0.0,2.7488992,0.0,0,H,2,[-1.3409976e+01 -1.2747321e+01 -4.7683602e-06 -1.4786526e+01]
3.50327,0.0,2.7316823,0.0,0,H,2,[ -4.6134224   -4.702878    -0.01917235 -12.774151  ]
3.631866,0.0,3.7127676,0.0,2,H,2,[ -8.4364805  -0.6219707  -0.7702642 -11.862831 ]
3.8995554,0.0,2.9084527,0.0,0,H,2,[-1.0203033e+01 -7.6621127e+00 -5.0770264e-04 -1.5488121e+01]
3.9529762,0.0,2.6969404,0.0,0,H,2,[-1.1810927e+01 -8.4210243e+00 -2.2814056e-04 -1.4536452e+01]
4.11581,0.0,3.326496,0.0,2,H,2,[-1.3359885e+01 -7.1284616e-05 -9.5830154e+00 -1.3930287e+01]
3.563418,0.0,2.9611886,0.0,0,N,0,[-1.1581239e+01 -1.0637065e+01 -3.3497250e-05 -1.5859647e+01]
3.4760137,0.0,2.9807725,0.0,0,N,0,[-1.3118283e+01 -1.1853700e+01 -9.2982809e-06 -1.5903084e+01]
3.0627658,0.0,2.5501633,0.0,0,S,3,[-1.2442705e+01 -1.1056687e+01 -2.1815062e-05 -1.3077237e+01]
3.9673195,0.0,2.4611413,0.0,0,S,3,[-10.11657     -3.7981787   -0.02271339 -12.1120825 ]
3.578083,0.0,3.829432,0.0,2,H,2,[-5.7090411e+00 -4.0013501e-03 -7.3068795e+00 -1.1945480e+01]
3.2585309,0.0,3.2401817,0.0,0,S,3,[-6.1708937e+00 -7.2155914e+00 -2.8722719e-03 -1.0037508e+01]
3.5479279,0.0,2.5967553,0.0,0,S,3,[-4.375412   -4.7723813  -0.02187948 -7.420769  ]
3.2473853,0.0,3.7302384,0.0,0,A,1,[-5.5198417e+00 -6.2162528e+00 -6.0295118e-03 -1.1710501e+01]
3.4479766,0.0,2.6367064,0.0,0,N,0,[-9.0974703e+00 -9.8804150e+00 -1.6759422e-04 -1.2337818e+01]
3.5272129,0.0,3.087598,0.0,0,N,0,[ -3.2519515   -3.4360402   -0.07354676 -10.996977  ]
3.4954112,0.0,3.579345,0.0,0,N,0,[-2.6952193  -2.038344   -0.22047514 -9.30902   ]
3.8835993,0.0,2.5802498,0.0,0,N,0,[-7.8725457e+00 -6.3416095e+00 -2.1459663e-03 -1.3613595e+01]
2.9095368,0.0,4.5278373,0.0,2,H,2,[-1.6687983  -0.21042338 -6.7243667  -9.381852  ]
3.2668314,0.0,3.5880024,0.0,0,H,2,[-1.9571438  -0.93546313 -0.76295155 -9.975667  ]
3.0894446,0.0,3.02445,0.0,0,N,0,[ -4.2931314   -5.3646593   -0.01853316 -10.75422   ]
3.3551633,0.0,3.05246,0.0,0,N,0,[-4.1711383  -1.5865006  -0.24864437 -9.601573  ]
3.0868206,0.0,2.5621488,0.0,0,N,0,[-4.813081   -3.979504   -0.02724935 -9.661574  ]
3.482816,0.0,3.0644522,0.0,0,N,0,[-2.7552958  -2.672312   -0.14249203 -9.003228  ]
3.1001892,0.0,2.686218,0.0,0,N,0,[-7.7678766e+00 -8.2494926e+00 -6.9403398e-04 -1.1584604e+01]
3.3784974,0.0,3.2067456,0.0,0,N,0,[-8.3882027e+00 -7.5930638e+00 -7.3525094e-04 -1.2576049e+01]
3.5349913,0.0,3.1377127,0.0,0,N,0,[-4.7217026  -3.5032375  -0.03982835 -9.991176  ]
3.2887588,0.0,2.628297,0.0,0,N,0,[-4.8221164e+00 -7.2188215e+00 -8.8293618e-03 -1.1718972e+01]
3.5265348,0.0,3.0811026,0.0,0,N,0,[-9.3032675e+00 -8.3889828e+00 -3.1919152e-04 -1.4167035e+01]
3.2412984,0.0,3.126983,0.0,0,S,3,[-4.946472   -2.3177412  -0.11170708 -9.321217  ]
3.582077,0.0,3.817573,0.0,2,A,1,[-5.7190757e+00 -3.2968950e-03 -1.1938512e+01 -1.3065205e+01]
3.9687214,0.0,4.460388,0.0,2,H,2,[-1.0026553e+01 -6.3178930e-05 -1.0993611e+01 -1.3074482e+01]
3.9110363,0.0,4.5403132,0.0,2,H,2,[-6.8215189e+00 -1.2780601e-03 -8.7402439e+00 -1.0514260e+01]
4.0774107,0.0,4.092588,0.0,2,H,2,[-5.4770856e+00 -4.3028868e-03 -9.8818455e+00 -9.7018003e+00]
4.7191677,0.0,4.4681463,0.0,2,H,2,[-4.6864185e+00 -9.8148147e-03 -7.5552936e+00 -1.0644143e+01]
4.1038456,0.0,3.1444101,0.0,2,H,2,[-9.3269701e+00 -1.1550713e-04 -1.0599458e+01 -1.3400886e+01]
4.0143366,0.0,3.7248855,0.0,2,H,2,[-1.1846295e+01 -3.5889044e-03 -5.6342239e+00 -1.3143894e+01]
4.168215,0.0,3.089357,0.0,2,H,2,[-1.2706349e+01 -1.1725700e-03 -6.7535825e+00 -1.3015411e+01]
1.9885445,0.0,3.0362635,0.0,1,A,1,[-4.7563375e-05 -1.0047357e+01 -1.2412748e+01 -1.5037010e+01]
3.8406942,0.0,2.74062,0.0,2,A,1,[ -4.410067    -0.42744493  -1.0917294  -10.211075  ]
2.4358099,0.0,3.741684,0.0,1,A,1,[-6.6779302e-03 -5.4384007e+00 -6.0737028e+00 -1.1926292e+01]
2.3879926,0.0,3.8169718,0.0,1,A,1,[-1.5376817e-04 -8.8015642e+00 -1.3812666e+01 -1.2977773e+01]
2.8326738,0.0,3.444067,0.0,1,A,1,[ -0.01511466  -4.211225    -8.672073   -13.419134  ]
3.8564382,0.0,2.9326694,0.0,2,A,1,[ -5.664154    -0.20068707  -1.7239798  -11.667011  ]
1.5519367,0.0,4.1778355,0.0,1,A,1,[-8.2608625e-05 -9.4778996e+00 -1.3725261e+01 -1.2213790e+01]
1.8227608,0.0,3.5581546,0.0,1,A,1,[-5.8412379e-06 -1.2069817e+01 -1.7755754e+01 -1.6135288e+01]
1.594044,0.0,4.395587,0.0,1,A,1,[-1.84772689e-05 -1.09532175e+01 -1.46026211e+01 -1.46139078e+01]
1.7550994,0.0,4.4303784,0.0,1,A,1,[-1.05494655e-04 -9.29348850e+00 -1.13977785e+01 -1.30045881e+01]
3.3143685,0.0,3.7271643,0.0,2,A,1,[ -5.34507    -0.1481912  -2.0179694 -10.203658 ]
4.262751,0.0,3.667624,0.0,2,H,2,[-1.1204075e+01 -1.1653068e-03 -6.7679138e+00 -1.3828025e+01]
4.3434443,0.0,3.1197305,0.0,2,H,2,[-9.9134455e+00 -4.0534863e-04 -7.9454904e+00 -1.3403157e+01]
4.2320766,0.0,4.8358645,0.0,2,H,2,[-5.8623753e+00 -3.5176324e-03 -7.4324727e+00 -9.4936695e+00]
3.3014688,0.0,2.9526272,0.0,2,N,0,[-2.1093621  -0.17777477 -3.2150464  -6.5710835 ]
3.7368846,0.0,3.001694,0.0,0,N,0,[-1.1903513e+01 -9.7739344e+00 -6.4013337e-05 -1.4909157e+01]
3.4698353,0.0,3.2487912,0.0,0,H,2,[ -7.360004   -2.393649   -0.0964532 -11.072651 ]
2.9757257,0.0,3.9814167,0.0,0,H,2,[ -3.7086225  -2.66703    -0.098691  -11.745802 ]
2.9916065,0.0,4.587317,0.0,1,H,2,[-0.13807063 -2.1126359  -4.8382783  -9.0007515 ]
2.948563,0.0,4.8323264,0.0,2,H,2,[-2.4092288  -0.09694529 -6.119729   -8.076557  ]
1.9709568,0.0,4.575375,0.0,1,H,2,[-1.4411364e-04 -9.3745203e+00 -1.1057085e+01 -1.0042287e+01]
3.345733,0.0,4.204677,0.0,2,H,2,[-1.0019773e+01 -7.0807808e-05 -1.0692717e+01 -1.2534803e+01]
3.4060702,0.0,3.6988218,0.0,2,H,2,[ -3.0370164   -0.10263775  -3.0050275  -10.380609  ]
3.2159078,0.0,3.0776763,0.0,0,H,2,[-6.8083758e+00 -7.1366673e+00 -1.9026764e-03 -1.3805680e+01]
3.8634067,0.0,3.6200294,0.0,2,H,2,[-8.8167534e+00 -1.6628313e-04 -1.0960999e+01 -1.4252804e+01]
3.1380153,0.0,3.2084043,0.0,0,N,0,[ -4.081069    -3.4485412   -0.04994419 -10.230055  ]
3.7665496,0.0,2.968725,0.0,0,N,0,[-7.8566775e+00 -5.3703704e+00 -5.0531295e-03 -1.3941808e+01]
3.2712314,0.0,3.7363548,0.0,2,N,0,[ -4.1440024   -0.33987427  -1.3009698  -11.226231  ]
3.1154,0.0,3.2332351,0.0,0,N,0,[ -1.017664   -2.2915063  -0.6209812 -10.387966 ]
2.8546891,0.0,3.5275962,0.0,0,N,0,[-6.5575376e+00 -7.1094685e+00 -2.2412438e-03 -1.3100704e+01]
4.5000453,0.0,3.3553512,0.0,2,S,3,[-1.1219545e+01 -2.4795225e-05 -1.1440569e+01 -1.4150831e+01]
3.2937248,0.0,4.1197186,0.0,0,S,3,[ -5.397989   -1.8337762  -0.179555  -10.6644125]
2.9512832,0.0,3.7820046,0.0,1,A,1,[ -0.09934983  -2.3727546   -6.6196814  -11.001623  ]
3.392513,0.0,3.2540963,0.0,0,N,0,[ -2.0005279   -1.3883681   -0.48576874 -10.414198  ]
2.659987,0.0,3.4162557,0.0,1,A,1,[ -0.05416538  -2.9772658   -6.3301134  -11.435292  ]
2.8433554,0.0,3.339378,0.0,2,A,1,[ -2.951265    -0.05669371  -5.87173    -10.595385  ]
3.7206624,0.0,3.0688145,0.0,2,H,2,[ -6.656989    -0.39261422  -1.1288508  -10.768623  ]
3.2665017,0.0,2.9564457,0.0,2,N,0,[-7.4955487e+00 -5.0731739e-03 -5.4076724e+00 -1.0688768e+01]
3.3589327,0.0,3.097837,0.0,0,N,0,[-9.8716612e+00 -7.1705422e+00 -8.4233558e-04 -1.0752748e+01]
3.3451874,0.0,2.5284982,0.0,0,N,0,[-7.0927835e+00 -7.7388849e+00 -1.2711548e-03 -1.2495092e+01]
3.577383,0.0,3.1502275,0.0,0,N,0,[ -2.873233    -3.5628014   -0.08872883 -10.378777  ]
3.3767238,0.0,2.9434917,0.0,0,N,0,[-4.8811817e+00 -5.7305136e+00 -1.0910616e-02 -1.0938725e+01]
3.45081,0.0,2.7811022,0.0,0,N,0,[-1.4077013e+01 -1.1864341e+01 -7.8677822e-06 -1.5632685e+01]
2.9567761,0.0,3.3020175,0.0,0,S,3,[-6.5309534e+00 -8.2403593e+00 -1.7282325e-03 -1.2127318e+01]
4.9388714,0.0,4.5538,0.0,2,H,2,[-1.1666622e+01 -2.7536968e-05 -1.1129600e+01 -1.2354698e+01]
3.6080506,0.0,3.3640053,0.0,0,N,0,[ -5.1093464   -4.805269    -0.01433491 -12.000333  ]
3.5610251,0.0,3.85628,0.0,0,N,0,[ -3.936032    -3.7326982   -0.04443929 -11.28114   ]
2.2503383,0.0,3.828764,0.0,1,A,1,[-1.1872540e-04 -9.0885468e+00 -1.2330798e+01 -1.3522616e+01]
1.5219078,0.0,3.897063,0.0,1,A,1,[-2.1513193e-03 -6.1561866e+00 -1.0865900e+01 -1.1566433e+01]
3.9980068,0.0,2.5234013,0.0,0,N,0,[-8.7604589e+00 -5.0321221e+00 -6.7071784e-03 -1.2731811e+01]
2.797866,0.0,3.0833976,0.0,1,N,0,[-2.0596022e-03 -6.2792406e+00 -8.7521009e+00 -1.0615989e+01]
2.6742427,0.0,3.6996043,0.0,2,N,0,[-0.83764696 -0.56754255 -8.330206   -9.075937  ]
2.5176182,0.0,3.345473,0.0,1,N,0,[-1.6319541e-03 -6.6449966e+00 -8.0520744e+00 -1.1357604e+01]
3.7781608,0.0,3.359703,0.0,0,N,0,[ -5.9266877   -3.3417091   -0.03881586 -10.467113  ]
2.7274542,0.0,3.3806038,0.0,1,N,0,[-9.9311618e-04 -8.9019518e+00 -7.0642080e+00 -1.3530993e+01]
3.2229016,0.0,3.6487508,0.0,2,S,3,[-5.6753445e+00 -5.1585669e-03 -6.4573240e+00 -8.8265505e+00]
3.5194373,0.0,2.8761053,0.0,0,S,3,[-6.2946105e+00 -5.0670767e+00 -8.1965262e-03 -1.1044951e+01]
3.194444,0.0,2.9367929,0.0,0,S,3,[-6.5241351e+00 -6.7087674e+00 -2.9653409e-03 -8.2049713e+00]
3.1450708,0.0,3.0970294,0.0,2,A,1,[-1.2224588 -1.0342631 -1.0500221 -9.477028 ]
3.2362742,0.0,3.2630954,0.0,0,N,0,[-1.0881802e+01 -1.1119080e+01 -3.4450892e-05 -1.4035191e+01]
3.7568834,0.0,3.3068686,0.0,0,S,3,[ -8.725732    -1.6852202   -0.20529251 -10.59976   ]
3.5829213,0.0,3.1873732,0.0,0,S,3,[-9.6761484e+00 -6.9129438e+00 -1.0627819e-03 -1.2292017e+01]
3.764252,0.0,3.2554333,0.0,2,S,3,[-1.1246476e+01 -3.3497250e-05 -1.0876129e+01 -1.3438770e+01]
2.4838064,0.0,3.9251504,0.0,1,A,1,[-8.0820631e-05 -9.4421253e+00 -1.3922997e+01 -1.4329755e+01]
3.9658363,0.0,3.4092143,0.0,2,H,2,[-8.8983498e+00 -1.9986909e-03 -6.2874374e+00 -1.4339738e+01]
3.6797383,0.0,3.0922318,0.0,0,N,0,[-8.1538019e+00 -5.1694279e+00 -6.0020210e-03 -1.1671654e+01]
3.6910107,0.0,2.9239824,0.0,0,N,0,[-1.3966928e+01 -1.1819481e+01 -8.4638241e-06 -1.5412701e+01]
