Predicted Valence,True Valence,Predicted Arousal,True Arousal,Predicted Emotion,True Emotion,Emotion Labels,Score Emotions
3.3731496,0.0,3.6696918,0.0,0,F,2,[ -1.4497483  -1.5983016  -0.5742864 -10.622239 ]
2.7732236,0.0,3.0636466,0.0,0,N,0,[-5.5229249e+00 -7.1650758e+00 -4.7852756e-03 -1.1933786e+01]
3.7597098,0.0,3.98487,0.0,2,F,2,[-6.4547453e+00 -3.0049193e-03 -6.5648599e+00 -1.0899765e+01]
3.0827687,0.0,2.5945487,0.0,0,T,3,[-8.0370646e+00 -9.6157017e+00 -3.9128753e-04 -1.3527036e+01]
3.1143792,0.0,3.9523427,0.0,2,W,1,[ -1.5411444   -0.24117018  -8.924335   -10.675948  ]
3.5140274,0.0,3.902397,0.0,2,F,2,[ -3.5543098   -0.04048499  -4.505251   -10.61882   ]
3.1767797,0.0,2.8949573,0.0,0,N,0,[ -5.281675   -4.8277793  -0.0131891 -11.154987 ]
3.279134,0.0,2.591269,0.0,0,T,3,[-8.73263454e+00 -9.19785595e+00 -2.67827418e-04 -1.21628065e+01]
3.6918044,0.0,4.045928,0.0,2,F,2,[-5.7060122  -0.21246395 -1.6711153  -9.9573145 ]
3.169012,0.0,3.4100084,0.0,0,N,0,[-5.4827600e+00 -5.4959893e+00 -8.3003314e-03 -1.2207332e+01]
3.074937,0.0,3.0133402,0.0,0,T,3,[-9.018767e+00 -9.626891e+00 -1.896440e-04 -1.287356e+01]
2.7955515,0.0,4.334635,0.0,1,W,1,[ -0.02500493  -3.7083657   -8.770282   -10.724022  ]
2.698529,0.0,4.730467,0.0,1,W,1,[-0.01565125 -4.1758065  -9.318502   -9.47265   ]
3.2227974,0.0,4.0763993,0.0,0,F,2,[-1.6324956 -1.0986521 -0.7531789 -7.8980365]
3.0891058,0.0,4.318787,0.0,1,F,2,[-0.10524007 -2.357928   -7.3761735  -5.3709683 ]
2.9197285,0.0,3.3179002,0.0,0,N,0,[ -2.820145    -6.331151    -0.06336419 -10.765224  ]
3.6276326,0.0,3.9376276,0.0,2,F,2,[-3.378156   -0.22907333 -1.7691089  -8.913365  ]
3.055483,0.0,2.843757,0.0,0,N,0,[-6.7553043e+00 -6.3254862e+00 -2.9673614e-03 -1.1708679e+01]
3.2953002,0.0,2.9082007,0.0,0,T,3,[-7.1788611e+00 -8.4959030e+00 -9.7203680e-04 -1.2245576e+01]
2.8016295,0.0,3.6255271,0.0,1,W,1,[-0.26053995 -1.4757383  -7.264843   -9.807423  ]
3.1290164,0.0,3.203686,0.0,0,T,3,[-6.3803768e+00 -7.3899097e+00 -2.3261651e-03 -1.1367240e+01]
2.6416187,0.0,3.642063,0.0,1,W,1,[ -0.02567648  -3.680187    -9.083752   -10.934056  ]
3.375668,0.0,3.3284802,0.0,0,N,0,[-6.7429080e+00 -4.9252024e+00 -8.4813163e-03 -1.2215211e+01]
3.0748742,0.0,3.229059,0.0,0,T,3,[-7.4750423e+00 -7.9782047e+00 -9.2356460e-04 -1.1230448e+01]
2.920894,0.0,4.459548,0.0,1,W,1,[-0.12864509 -2.1366289  -6.1282682  -7.638597  ]
3.1429405,0.0,3.1902792,0.0,0,N,0,[ -5.042334    -4.26449     -0.02076272 -10.382291  ]
3.2545898,0.0,3.0642529,0.0,0,T,3,[-8.7294836e+00 -7.1995740e+00 -9.1236917e-04 -1.2613791e+01]
2.7920868,0.0,3.9755716,0.0,1,W,1,[ -0.22732505  -1.5973073   -7.0643334  -10.07473   ]
2.9332469,0.0,3.3957615,0.0,1,F,2,[-0.11353132 -4.2892685  -2.3696246  -9.283215  ]
2.836614,0.0,3.1073484,0.0,1,N,0,[-0.6768367 -3.9858298 -0.7484307 -9.287424 ]
2.1806185,0.0,3.901772,0.0,1,W,1,[-1.3290952e-04 -8.9563904e+00 -1.3251857e+01 -1.3063361e+01]
1.6558185,0.0,4.3431416,0.0,1,W,1,[-3.3616456e-05 -1.0371970e+01 -1.6103786e+01 -1.3047391e+01]
3.7834234,0.0,3.467498,0.0,2,F,2,[ -4.655473   -0.173758   -1.8974004 -10.341608 ]
3.4251854,0.0,3.2604637,0.0,0,N,0,[ -4.918177   -4.657793   -0.0169553 -11.282701 ]
2.9959683,0.0,2.725824,0.0,0,T,3,[-5.7312031e+00 -8.0380964e+00 -3.5943682e-03 -1.0730266e+01]
3.471682,0.0,2.9626973,0.0,0,N,0,[ -4.7707644   -3.7845101   -0.03170444 -11.2315035 ]
3.2364037,0.0,2.8043087,0.0,0,T,3,[-7.1753139e+00 -8.4449568e+00 -9.8739972e-04 -1.1921348e+01]
3.441365,0.0,4.035896,0.0,2,F,2,[-5.018242   -0.13254838 -2.1425028  -8.724767  ]
3.4873526,0.0,3.5994618,0.0,0,N,0,[ -5.7078357   -2.2483163   -0.11531644 -10.860451  ]
3.0343504,0.0,2.9351904,0.0,0,T,3,[-1.3161243 -2.0308359 -0.5214154 -4.973064 ]
2.7648883,0.0,4.079169,0.0,1,F,2,[-0.20693141 -2.191492   -2.5999472  -7.0162272 ]
2.8838038,0.0,3.3418005,0.0,0,N,0,[ -3.420383    -6.0601306   -0.03569217 -10.456619  ]
3.311466,0.0,3.4916248,0.0,0,T,3,[-5.2142615e+00 -6.6060100e+00 -6.8318592e-03 -1.0928652e+01]
3.3033082,0.0,3.2170837,0.0,0,T,3,[-5.1343718  -4.919551   -0.01333473 -9.844376  ]
1.9297462,0.0,4.797083,0.0,1,W,1,[-2.8868322e-04 -8.2259789e+00 -1.3535666e+01 -1.0839141e+01]
3.3361616,0.0,3.3735433,0.0,0,F,2,[-1.7155831  -1.9962003  -0.37953562 -9.100142  ]
3.4097502,0.0,3.6639771,0.0,0,F,2,[-5.6953506  -1.4239933  -0.27994943 -9.629716  ]
3.0800073,0.0,2.96347,0.0,0,N,0,[-8.3195047e+00 -8.4979439e+00 -4.5146287e-04 -1.2479924e+01]
3.2053947,0.0,4.0807657,0.0,2,F,2,[-4.387028   -0.01469655 -6.1714187  -9.669832  ]
3.4766345,0.0,3.5678122,0.0,0,T,3,[-6.3693638e+00 -5.3984709e+00 -6.3190656e-03 -9.6812267e+00]
2.0247962,0.0,3.819086,0.0,1,W,1,[-3.8115866e-04 -7.9821272e+00 -1.3936556e+01 -1.0157472e+01]
3.7431884,0.0,3.7747695,0.0,2,F,2,[-4.236336   -0.22436285 -1.6797662  -9.243473  ]
3.1205769,0.0,3.4039803,0.0,0,T,3,[-5.5519667e+00 -7.1858850e+00 -4.6686456e-03 -1.0780271e+01]
3.5388577,0.0,4.209706,0.0,2,F,2,[-7.5744734e+00 -6.0194492e-04 -9.4057102e+00 -1.1983501e+01]
3.4704573,0.0,3.4502506,0.0,0,N,0,[ -6.00671     -3.6385195   -0.02919506 -10.8431635 ]
3.498526,0.0,3.578984,0.0,2,T,3,[-3.1577168 -0.5311531 -0.9976113 -7.141731 ]
2.2306225,0.0,4.5368633,0.0,1,W,1,[-1.6000576e-03 -6.5101466e+00 -1.0742886e+01 -9.3266554e+00]
3.4194493,0.0,4.057922,0.0,2,F,2,[ -4.1383786  -0.0835849  -2.7457619 -10.154912 ]
2.991255,0.0,3.1985736,0.0,0,N,0,[-5.9332538e+00 -7.3495955e+00 -3.3040240e-03 -1.2048360e+01]
3.1724415,0.0,3.0385067,0.0,0,T,3,[-6.4061904e+00 -7.7410169e+00 -2.1015957e-03 -1.1220022e+01]
2.3192105,0.0,4.2468,0.0,1,W,1,[-1.8046658e-04 -8.6885262e+00 -1.2740833e+01 -1.1628958e+01]
2.8282971,0.0,4.242837,0.0,1,F,2,[ -0.1044075  -2.3120112 -10.384672   -9.921097 ]
2.9523103,0.0,2.8351583,0.0,0,N,0,[ -4.1326685   -5.752703    -0.01941206 -11.445482  ]
3.0742095,0.0,4.8072195,0.0,2,F,2,[ -4.5363917   -0.01094092  -8.882424   -10.395093  ]
3.1568537,0.0,2.992042,0.0,0,N,0,[-8.4687204e+00 -6.3874159e+00 -1.8972032e-03 -1.2775132e+01]
3.0135934,0.0,3.481029,0.0,0,N,0,[-6.4113073e+00 -7.0973601e+00 -2.4782680e-03 -1.2197975e+01]
3.1907306,0.0,3.079385,0.0,0,T,3,[ -3.699542    -5.656042    -0.02867508 -10.212443  ]
2.157432,0.0,4.376124,0.0,1,W,1,[-4.1548600e-03 -5.4971318e+00 -1.2692285e+01 -1.0016366e+01]
3.110779,0.0,3.0490217,0.0,0,N,0,[-7.8506279e+00 -8.3225298e+00 -6.3458807e-04 -1.3170282e+01]
3.455165,0.0,2.8552577,0.0,0,T,3,[-8.8722935e+00 -8.2092066e+00 -4.1392818e-04 -1.3458863e+01]
2.7808049,0.0,3.0592136,0.0,0,N,0,[-1.9052795  -4.93401    -0.16968076 -9.348145  ]
2.1572835,0.0,3.6505406,0.0,1,W,1,[-5.44771610e-05 -1.01216631e+01 -1.32847185e+01 -1.12806520e+01]
3.1384115,0.0,2.5776615,0.0,0,N,0,[-8.1152067e+00 -8.8739796e+00 -4.4145374e-04 -1.2930809e+01]
3.511982,0.0,2.5294447,0.0,0,T,3,[-8.4497423e+00 -5.1864467e+00 -5.8340980e-03 -1.1397140e+01]
2.9461775,0.0,4.730879,0.0,2,F,2,[-2.175964  -0.1210526 -9.482636  -7.733859 ]
3.0904362,0.0,4.3803067,0.0,1,F,2,[-0.26130703 -1.5549884  -3.9949274  -7.9437633 ]
2.783845,0.0,2.9886045,0.0,0,N,0,[-7.4285073e+00 -9.1084862e+00 -7.0940121e-04 -1.2335378e+01]
3.4102376,0.0,3.092678,0.0,0,T,3,[ -6.234987    -3.045678    -0.05081338 -10.808024  ]
2.3432124,0.0,4.237186,0.0,1,W,1,[ -0.02696266  -3.6325445  -10.94894     -8.901937  ]
2.9592328,0.0,3.0183938,0.0,0,N,0,[ -4.5065613   -6.3079166   -0.01297049 -10.461928  ]
2.8788488,0.0,2.8820708,0.0,0,N,0,[-8.4228954e+00 -9.0395365e+00 -3.4183380e-04 -1.2620002e+01]
1.9599347,0.0,4.1514907,0.0,1,W,1,[-4.1245563e-05 -1.0486617e+01 -1.4448172e+01 -1.1256101e+01]
3.6988165,0.0,3.6715648,0.0,2,F,2,[ -2.9742641   -0.35916957  -1.3838087  -10.207009  ]
3.038742,0.0,3.0359447,0.0,0,N,0,[ -3.5507216   -6.1614633   -0.03130246 -12.309228  ]
3.0967226,0.0,3.8566089,0.0,1,W,1,[ -0.39887646  -1.1135075   -7.613775   -10.492931  ]
3.246821,0.0,3.8348079,0.0,2,F,2,[ -2.838934    -0.24288595  -1.850821   -10.056325  ]
3.082701,0.0,2.7691357,0.0,0,N,0,[-9.9203205e+00 -1.0929924e+01 -6.8423789e-05 -1.3518766e+01]
3.485138,0.0,3.9759552,0.0,2,W,1,[ -4.1187963   -0.04969025  -3.4362051  -10.588383  ]
2.7626536,0.0,4.626062,0.0,1,W,1,[ -0.13454397  -2.0730293  -10.754366    -9.719567  ]
3.3010883,0.0,2.7624862,0.0,0,T,3,[-6.2680564e+00 -7.0482135e+00 -2.7971449e-03 -1.0467700e+01]
3.4591205,0.0,4.8434095,0.0,2,W,1,[-3.8961036  -0.02100065 -7.929961   -9.200813  ]
3.5220056,0.0,3.0243478,0.0,0,T,3,[-1.00700865e+01 -9.95057106e+00 -9.11909519e-05 -1.36085854e+01]
2.480529,0.0,4.878959,0.0,1,W,1,[-9.0867706e-04 -7.1513906e+00 -9.0275526e+00 -1.2340141e+01]
4.0876684,0.0,3.1322308,0.0,0,F,2,[ -9.228438    -1.9375756   -0.15566757 -12.12918   ]
2.963797,0.0,2.5492,0.0,0,N,0,[-7.9339080e+00 -7.0503421e+00 -1.2556772e-03 -1.0436065e+01]
3.4249547,0.0,4.4771967,0.0,2,W,1,[ -4.5283422   -0.01090342 -10.560993   -10.835305  ]
3.3860135,0.0,3.248014,0.0,0,T,3,[-7.9717207e+00 -7.4553843e+00 -9.4142929e-04 -1.0944591e+01]
3.8537333,0.0,3.9553535,0.0,2,F,2,[-1.0896257e+01 -9.9029904e-03 -4.6224918e+00 -1.1830118e+01]
3.0273015,0.0,3.0653594,0.0,0,N,0,[-7.2121215e+00 -8.4620419e+00 -9.5131435e-04 -1.3154635e+01]
1.7164719,0.0,4.2837625,0.0,1,W,1,[-9.0475754e-05 -9.3337364e+00 -1.4553075e+01 -1.3358781e+01]
3.8891277,0.0,3.9379332,0.0,2,F,2,[ -4.511572    -0.01296048  -6.275801   -11.148773  ]
3.2078311,0.0,2.9049659,0.0,0,T,3,[-6.8093925e+00 -7.9177256e+00 -1.4806747e-03 -1.1326960e+01]
3.392977,0.0,4.2662416,0.0,2,W,1,[-7.9784665e+00 -3.6316476e-04 -1.1024997e+01 -1.2414742e+01]
3.695164,0.0,3.438665,0.0,2,F,2,[-1.1856787e+01 -9.5839678e-05 -9.3534374e+00 -1.3077480e+01]
3.3148525,0.0,2.6578932,0.0,0,N,0,[-1.07932844e+01 -8.10805798e+00 -3.23839195e-04 -1.30274105e+01]
3.1323383,0.0,4.130596,0.0,2,F,2,[-2.7212398  -0.06944936 -6.7249517  -9.220225  ]
3.7468364,0.0,4.189151,0.0,2,F,2,[-5.9843264e+00 -2.8906963e-03 -7.9717731e+00 -1.0656695e+01]
2.978859,0.0,2.9986057,0.0,0,N,0,[-8.1916323e+00 -8.3258219e+00 -5.2366848e-04 -1.2320687e+01]
3.2151666,0.0,3.35788,0.0,0,T,3,[ -4.054037    -5.219018    -0.02306001 -10.371454  ]
3.2893548,0.0,2.7564988,0.0,0,T,3,[-9.4401054e+00 -1.0288331e+01 -1.1550713e-04 -1.3138387e+01]
2.937611,0.0,2.6842177,0.0,0,N,0,[-7.2910156e+00 -9.3845854e+00 -7.7408389e-04 -1.1727240e+01]
3.8108568,0.0,4.1071267,0.0,2,F,2,[-6.397830e+00 -4.919449e-03 -5.735357e+00 -1.128970e+01]
3.150566,0.0,2.6574829,0.0,0,T,3,[-5.3886347e+00 -6.1118436e+00 -6.8400283e-03 -1.0349196e+01]
2.5995185,0.0,3.8965113,0.0,1,W,1,[ -0.06891707  -2.713307    -8.31396    -10.297975  ]
3.3529131,0.0,4.0465503,0.0,2,F,2,[-2.05279    -0.16653119 -3.7014275  -7.989184  ]
3.0740829,0.0,3.099589,0.0,0,N,0,[-7.8249483e+00 -8.2233210e+00 -6.7211449e-04 -1.2443097e+01]
3.293883,0.0,3.2141893,0.0,0,T,3,[-7.1084027e+00 -5.7518892e+00 -4.0144105e-03 -1.1384957e+01]
2.8249478,0.0,4.045215,0.0,1,W,1,[-0.03127057 -3.7443614  -4.9503355  -9.811278  ]
3.4100032,0.0,4.39915,0.0,1,W,1,[-0.6254056 -0.7749539 -5.528946  -8.253192 ]
3.0628533,0.0,3.6864915,0.0,2,F,2,[-1.0480845  -0.44272783 -4.972933   -8.586581  ]
3.1170788,0.0,2.8932076,0.0,0,N,0,[-7.5051107e+00 -8.2564087e+00 -8.1517838e-04 -1.2214997e+01]
3.0860689,0.0,2.9001865,0.0,0,T,3,[-3.7684886  -3.462723   -0.05611255 -8.902761  ]
3.112418,0.0,2.8969,0.0,0,T,3,[-9.56851006e+00 -1.03044033e+01 -1.05494655e-04 -1.30802240e+01]
3.546353,0.0,4.0715194,0.0,2,F,2,[ -4.292475   -0.017243   -5.6798263 -11.51234  ]
3.0889883,0.0,2.987337,0.0,0,N,0,[-5.7376957e+00 -7.6270432e+00 -3.7200314e-03 -1.2480112e+01]
2.55281,0.0,4.2259426,0.0,1,W,1,[ -0.01177998  -4.4534984   -9.752906   -11.109384  ]
3.1552305,0.0,3.0928042,0.0,0,N,0,[-7.3646421e+00 -8.2888975e+00 -8.8557118e-04 -1.4315667e+01]
3.1,0.0,3.8089137,0.0,2,W,1,[ -1.8965871  -0.1888652  -3.8177207 -10.0293255]
3.1221647,0.0,4.0632095,0.0,2,W,1,[-1.8266282  -0.18045811 -5.494563   -9.944877  ]
3.0303974,0.0,3.061517,0.0,0,N,0,[-6.0061479e+00 -5.0952764e+00 -8.6329589e-03 -1.1925911e+01]
3.1094172,0.0,2.845392,0.0,0,T,3,[-7.4164186e+00 -8.0235825e+00 -9.5512538e-04 -1.0569517e+01]
3.3506808,0.0,4.6346464,0.0,2,W,1,[-1.4756281  -0.26004383 -8.641318   -8.676859  ]
3.253236,0.0,2.6392996,0.0,0,T,3,[-5.7912502e+00 -6.4767847e+00 -4.7684284e-03 -8.7144947e+00]
2.8752198,0.0,4.2202897,0.0,2,W,1,[-1.0821873 -0.4213327 -5.3160267 -9.681064 ]
3.6439953,0.0,3.5523987,0.0,2,F,2,[-1.0713503e+01 -1.5388735e-04 -8.9541540e+00 -1.2935054e+01]
2.9935865,0.0,3.0637257,0.0,0,N,0,[-5.6806922e+00 -6.8358545e+00 -4.5015668e-03 -1.2083916e+01]
2.9780796,0.0,3.9713023,0.0,1,W,1,[-0.20466873 -1.7128785  -5.3707314  -9.359782  ]
2.4652653,0.0,4.0606456,0.0,1,W,1,[-1.3261581e-03 -6.6430736e+00 -1.1082926e+01 -1.1881445e+01]
3.3250926,0.0,2.9142873,0.0,0,T,3,[-4.809187   -3.9776006  -0.02760763 -7.9720845 ]
3.2635465,0.0,2.6591113,0.0,0,T,3,[-6.4268441e+00 -6.0811725e+00 -4.0941951e-03 -8.6066265e+00]
2.9054224,0.0,3.9076595,0.0,1,W,1,[-0.6253301  -0.76710355 -7.6348877  -9.487297  ]
2.7340205,0.0,4.4840612,0.0,1,W,1,[-0.19881405 -1.7161664  -7.786305   -8.960323  ]
3.029098,0.0,3.2362962,0.0,0,N,0,[ -4.0620728   -5.9511456   -0.02005151 -10.242388  ]
2.730271,0.0,4.022115,0.0,2,F,2,[-1.6325682  -0.21904247 -6.872471   -8.296139  ]
2.9097793,0.0,2.9242408,0.0,0,N,0,[-5.1741219e+00 -7.5220308e+00 -6.2264269e-03 -1.2242017e+01]
3.027797,0.0,2.5667078,0.0,0,T,3,[-6.9121485e+00 -6.3458929e+00 -2.7757471e-03 -1.0706279e+01]
2.860587,0.0,4.3628807,0.0,1,W,1,[ -0.43805492  -1.0382887   -7.40461    -10.100023  ]
3.5088918,0.0,3.9113832,0.0,2,F,2,[-7.5296431e+00 -1.8681708e-03 -6.6369066e+00 -1.0906581e+01]
3.8426218,0.0,2.8159776,0.0,0,T,3,[ -8.277895    -3.409862    -0.03390278 -10.270557  ]
2.7641795,0.0,4.038772,0.0,1,W,1,[ -0.09574717  -2.3943114  -11.960928    -9.650471  ]
3.3400888,0.0,3.081529,0.0,0,N,0,[-7.1400523e+00 -6.1194248e+00 -3.0108618e-03 -1.1186878e+01]
3.7044537,0.0,3.174244,0.0,0,T,3,[-1.9414096  -2.2774801  -0.30037707 -4.3112097 ]
1.6070274,0.0,4.5929575,0.0,1,W,1,[-2.2587609e-04 -8.4439745e+00 -1.3905274e+01 -1.1543111e+01]
2.6924837,0.0,4.3473287,0.0,1,F,2,[-6.8128738e-04 -7.4800315e+00 -1.0491886e+01 -9.3260088e+00]
3.3105,0.0,2.9064012,0.0,0,N,0,[-4.7305470e+00 -7.5793185e+00 -9.3915341e-03 -1.1109116e+01]
3.3294177,0.0,3.1742644,0.0,0,T,3,[-1.6295888 -1.5937598 -0.5097526 -8.593629 ]
3.5697284,0.0,4.157088,0.0,2,F,2,[-7.5352364e+00 -8.3927782e-03 -4.8546238e+00 -1.0367471e+01]
3.265447,0.0,3.4666445,0.0,2,F,2,[-2.9817393 -0.0720593 -3.975793  -9.804848 ]
3.0432944,0.0,2.7644494,0.0,0,N,0,[-6.5291057e+00 -9.0811625e+00 -1.6008908e-03 -1.0576230e+01]
2.395863,0.0,3.7539828,0.0,1,W,1,[-8.0957832e-03 -4.8521204e+00 -1.1407673e+01 -8.3343687e+00]
3.6033862,0.0,4.5249324,0.0,2,F,2,[-4.1676984  -0.03280444 -4.15806    -6.7711096 ]
3.1273131,0.0,2.989999,0.0,0,N,0,[-8.6670218e+00 -1.0116374e+01 -2.1657982e-04 -1.2436919e+01]
3.7122009,0.0,3.4315047,0.0,0,T,3,[-6.4860997e+00 -5.1088710e+00 -7.6857335e-03 -9.3283758e+00]
3.5606093,0.0,4.2208996,0.0,2,F,2,[ -6.8193135  -0.0155151  -4.2492657 -10.478831 ]
3.145012,0.0,4.3224854,0.0,2,F,2,[-1.01264    -0.63409775 -2.2463665  -7.5155473 ]
3.1184459,0.0,3.0761402,0.0,0,N,0,[-7.5316901e+00 -8.6659946e+00 -7.2595943e-04 -1.0953301e+01]
3.001099,0.0,4.098587,0.0,0,F,2,[-3.2022903  -2.9749346  -0.09706072 -7.15708   ]
2.9791186,0.0,2.9490411,0.0,0,N,0,[-8.3831072e+00 -1.0123456e+01 -2.7152189e-04 -1.2847877e+01]
2.1534538,0.0,4.2699347,0.0,1,W,1,[-1.7402518e-03 -6.4312534e+00 -1.0535936e+01 -9.1934814e+00]
3.0163057,0.0,3.113399,0.0,0,N,0,[-7.8065300e+00 -7.6716270e+00 -8.7401806e-04 -1.4112919e+01]
2.1986945,0.0,3.800619,0.0,1,W,1,[-3.2966575e-03 -5.7186003e+00 -1.3056555e+01 -1.2265698e+01]
2.270925,0.0,3.9617302,0.0,1,W,1,[-1.65599480e-03 -6.40663576e+00 -1.33158865e+01 -1.29676189e+01]
3.589687,0.0,3.928232,0.0,2,F,2,[-3.3842905  -0.05679621 -3.851795   -9.566031  ]
3.1004686,0.0,3.099568,0.0,0,N,0,[-6.5149713e+00 -8.4118261e+00 -1.7071688e-03 -1.2945246e+01]
3.3791347,0.0,3.1018877,0.0,0,T,3,[ -4.8185287   -4.425063    -0.02026111 -12.181237  ]
3.7439227,0.0,2.9661798,0.0,0,T,3,[ -6.788149   -2.889236   -0.0584354 -11.10007  ]
3.834235,0.0,2.7722023,0.0,0,T,3,[-8.8578224e+00 -4.8173785e+00 -8.2756225e-03 -1.1396065e+01]
3.708135,0.0,4.196025,0.0,2,W,1,[-5.1405702e+00 -6.0151741e-03 -8.9151497e+00 -1.1689813e+01]
3.0388093,0.0,4.433115,0.0,2,W,1,[-3.622323   -0.02735039 -8.9995985  -8.904391  ]
3.3676674,0.0,4.3075905,0.0,2,F,2,[-4.637432  -0.0107809 -6.9398527 -9.538106 ]
3.4264967,0.0,4.164156,0.0,2,F,2,[ -4.4200625   -0.01445818  -6.0792646  -10.385159  ]
3.2852616,0.0,3.0505536,0.0,0,T,3,[-5.6158247  -4.4323864  -0.01571309 -9.650274  ]
3.3772278,0.0,3.3031185,0.0,0,T,3,[-4.6341114  -3.3636024  -0.04540806 -9.603762  ]
3.66629,0.0,3.946155,0.0,2,F,2,[-3.0941203  -0.07025231 -3.795353   -9.873227  ]
3.421691,0.0,2.974766,0.0,0,N,0,[-7.9385633e+00 -8.3987751e+00 -5.8300188e-04 -1.3803096e+01]
3.34404,0.0,3.1483555,0.0,1,T,3,[-0.30692628 -1.6208643  -2.711248   -9.0833435 ]
2.888912,0.0,4.345769,0.0,1,W,1,[-2.5395069e-03 -5.9860573e+00 -1.3203405e+01 -1.0778617e+01]
3.5647159,0.0,3.6192162,0.0,2,F,2,[-1.5552013  -0.26597306 -3.803963   -9.105565  ]
3.3051627,0.0,3.4973052,0.0,2,F,2,[-4.2678     -0.03300469 -3.998076   -9.185494  ]
3.2715917,0.0,2.7717154,0.0,0,N,0,[-7.305577e+00 -8.560868e+00 -8.708022e-04 -1.184902e+01]
3.2614717,0.0,4.2463126,0.0,2,F,2,[ -4.1823955   -0.01555419  -8.926668   -10.145514  ]
3.4725366,0.0,2.9672558,0.0,2,T,3,[-3.1832683  -0.05491593 -4.48369    -7.2736163 ]
3.2625735,0.0,3.3698242,0.0,0,T,3,[-9.9405289e+00 -8.6514254e+00 -2.2766383e-04 -1.2298099e+01]
3.2453358,0.0,4.0623574,0.0,2,F,2,[-2.3568993  -0.10041577 -7.2619653  -8.998842  ]
3.4269059,0.0,3.5050256,0.0,2,T,3,[-5.198822   -0.38074604 -1.1688792  -7.797927  ]
2.8404713,0.0,3.9495406,0.0,1,W,1,[-0.20785178 -1.6771902  -8.770111   -7.387617  ]
3.0844314,0.0,2.9098513,0.0,0,N,0,[-9.9660711e+00 -1.0115344e+01 -8.8449378e-05 -1.3723905e+01]
3.184447,0.0,2.9912736,0.0,0,T,3,[-9.0813313e+00 -8.4606953e+00 -3.3158527e-04 -1.2018528e+01]
3.178066,0.0,4.340325,0.0,1,W,1,[-0.5648722 -0.8417894 -8.087839  -8.043023 ]
2.9915855,0.0,3.6179929,0.0,2,F,2,[ -1.6045573  -0.2246716  -8.39574   -10.974856 ]
3.0858197,0.0,3.1348221,0.0,0,N,0,[-8.3907604e+00 -8.0565281e+00 -5.4475723e-04 -1.4404738e+01]
3.5678244,0.0,3.5528376,0.0,0,T,3,[-6.2777433e+00 -5.3680015e+00 -6.5656658e-03 -1.2697064e+01]
2.7451098,0.0,4.452712,0.0,2,W,1,[ -1.884687    -0.16484064 -10.85584     -9.495003  ]
3.3435795,0.0,4.575133,0.0,2,W,1,[ -3.999683    -0.01855645 -10.148265   -10.607415  ]
3.5630503,0.0,4.0725985,0.0,2,F,2,[-8.9226227e+00 -1.0121095e-02 -4.6120906e+00 -1.2075597e+01]
3.160284,0.0,2.7238855,0.0,0,N,0,[-1.0152871e+01 -1.0732011e+01 -6.1867708e-05 -1.3746094e+01]
3.6391184,0.0,4.3247905,0.0,2,W,1,[ -2.4723494   -0.08822668 -10.630878   -10.226805  ]
3.1090868,0.0,3.3398893,0.0,0,N,0,[-8.3685980e+00 -7.6514664e+00 -7.0916297e-04 -1.3358515e+01]
3.391138,0.0,4.411325,0.0,1,F,2,[-0.57073194 -0.86263543 -4.3750663  -8.283269  ]
2.725751,0.0,3.9144058,0.0,1,W,1,[ -0.6894198   -0.69755226  -8.099251   -10.52611   ]
3.1382143,0.0,3.0116084,0.0,0,T,3,[-7.3627138e+00 -5.3549819e+00 -5.3945449e-03 -1.0769448e+01]
2.7772033,0.0,3.8334992,0.0,1,W,1,[ -0.14111315  -2.0490365   -5.91046    -10.151661  ]
3.018568,0.0,3.3434196,0.0,0,N,0,[-9.3487482e+00 -8.1210661e+00 -3.8556772e-04 -1.3664797e+01]
3.3123975,0.0,3.4136996,0.0,0,T,3,[-4.9937444  -3.5946958  -0.03497228 -9.0402975 ]
3.2638881,0.0,3.8259819,0.0,2,F,2,[-5.8396907e+00 -3.8595723e-03 -6.9948020e+00 -1.0568534e+01]
3.0793014,0.0,2.989572,0.0,0,N,0,[-8.1940374e+00 -8.1350174e+00 -5.7668745e-04 -1.1851953e+01]
3.1282692,0.0,3.2379525,0.0,0,T,3,[-8.4864645e+00 -7.4018435e+00 -8.1994286e-04 -1.2639870e+01]
3.1443105,0.0,4.117306,0.0,1,W,1,[-0.50124085 -0.93120444 -9.711289   -9.406966  ]
2.8041182,0.0,2.9379206,0.0,0,N,0,[-1.1257259e+01 -1.2083258e+01 -1.9073304e-05 -1.4468803e+01]
2.9384873,0.0,2.7992308,0.0,0,N,0,[-8.5432444e+00 -9.6453753e+00 -2.6377538e-04 -1.2392924e+01]
2.5757418,0.0,4.2962136,0.0,1,W,1,[-7.54956482e-03 -4.90038347e+00 -1.21015215e+01 -9.54193115e+00]
2.9630103,0.0,2.972229,0.0,0,N,0,[ -3.553791    -5.627244    -0.03276441 -10.869068  ]
3.1579819,0.0,3.1488109,0.0,1,T,3,[-0.12888646 -4.290682   -2.2344391  -8.631158  ]
3.2762556,0.0,3.0098414,0.0,0,N,0,[ -4.5426216  -4.074375   -0.0280621 -10.645381 ]
3.3254204,0.0,2.870246,0.0,0,T,3,[-1.2204616  -2.7977076  -0.44049674 -8.335271  ]
3.3712938,0.0,2.7603579,0.0,0,N,0,[-6.5102444e+00 -6.6571150e+00 -2.7932222e-03 -1.1016139e+01]
4.096824,0.0,2.851574,0.0,2,T,3,[-6.8577271e+00 -2.6529375e-03 -6.5779905e+00 -8.4803047e+00]
3.2959487,0.0,4.2378855,0.0,2,W,1,[ -1.7738587   -0.18605006  -9.860317   -10.155947  ]
3.5510373,0.0,4.5285325,0.0,2,F,2,[-5.6377783e+00 -4.3660318e-03 -7.1891594e+00 -1.0104477e+01]
2.8107996,0.0,3.0892794,0.0,0,T,3,[-6.0808163e+00 -9.0169582e+00 -2.5505652e-03 -8.8762617e+00]
2.732879,0.0,4.5590076,0.0,2,W,1,[-1.8405552  -0.17303513 -9.886467   -9.099008  ]
2.070592,0.0,4.491951,0.0,1,W,1,[-3.1203176e-03 -5.7793846e+00 -1.3222398e+01 -1.0676557e+01]
3.440496,0.0,4.216699,0.0,2,F,2,[-1.4454589  -0.26956552 -9.285368   -7.4909616 ]
3.450188,0.0,4.3450074,0.0,1,F,2,[-0.37950754 -1.1894151  -4.54558    -7.145371  ]
3.2111292,0.0,2.9242368,0.0,0,N,0,[-3.1714437  -4.260582   -0.05792984 -8.391691  ]
2.9377813,0.0,2.7375867,0.0,0,T,3,[-1.8093067  -2.598463   -0.27804875 -5.3850393 ]
3.0550117,0.0,2.971709,0.0,0,T,3,[-1.3152722 -4.823016  -0.325654  -6.5014725]
3.4703836,0.0,4.301692,0.0,2,W,1,[-2.0425472  -0.13907172 -9.418004   -9.803983  ]
3.7002914,0.0,3.9077673,0.0,2,F,2,[-7.5429416e+00 -1.9833434e-03 -6.5573735e+00 -1.0348101e+01]
2.8182395,0.0,4.3010693,0.0,2,W,1,[ -0.7000134  -0.6872237 -10.265753   -7.7847414]
3.6238797,0.0,4.4524035,0.0,2,F,2,[-6.3685241e+00 -1.8078426e-03 -1.0894501e+01 -9.5261974e+00]
2.9242196,0.0,3.4264634,0.0,0,N,0,[-5.8309884e+00 -5.8003616e+00 -5.9924228e-03 -1.1252828e+01]
3.1355517,0.0,3.122979,0.0,0,T,3,[-5.8663445e+00 -7.7273841e+00 -3.2847757e-03 -1.2092523e+01]
3.4573557,0.0,4.4549,0.0,2,F,2,[-5.353171e+00 -5.078274e-03 -8.981838e+00 -8.484828e+00]
3.596543,0.0,4.278558,0.0,2,F,2,[-9.5137930e+00 -2.7771908e-04 -8.5815468e+00 -1.1021506e+01]
3.0477483,0.0,2.9716017,0.0,0,T,3,[-4.187034  -6.5400667 -0.0168613 -9.382035 ]
3.7159255,0.0,3.0148265,0.0,0,T,3,[-3.0024972  -3.6486185  -0.07876988 -9.764488  ]
2.5491579,0.0,4.4740243,0.0,1,W,1,[-2.9346754e-03 -5.8428745e+00 -1.3495051e+01 -1.0467597e+01]
